#"Step","Time (ps)","Potential Energy (kJ/mole)","Kinetic Energy (kJ/mole)","Total Energy (kJ/mole)","Temperature (K)","Box Volume (nm^3)","Density (g/mL)","Speed (ns/day)"
1000,4.000000000000003,-2100267.1281414926,8169.117705602563,-2092098.01043589,7.417701161699364,1427.029397610669,0.9212475885025758,0
2000,7.999999999999562,-2099051.1281414926,13486.847907553498,-2085564.2802339392,12.246292806249029,1427.029397610669,0.9212475885025758,170
3000,11.999999999999122,-2094464.6281414926,20027.36086974235,-2074437.2672717501,18.185192494824328,1427.029397610669,0.9212475885025758,215
4000,15.999999999998682,-2090173.1281414926,26663.626169972275,-2063509.5019715203,24.211036974100285,1427.029397610669,0.9212475885025758,235
5000,20.000000000000018,-2086409.1281414926,33238.91536980061,-2053170.212771692,30.181514092164818,1427.029397610669,0.9212475885025758,247
6000,24.000000000001354,-2082613.6281414926,39946.86899395553,-2042666.7591475372,36.27245281819083,1427.029397610669,0.9212475885025758,254
7000,28.00000000000269,-2078544.1281414926,46569.50721334901,-2031974.6209281436,42.28592367071861,1427.029397610669,0.9212475885025758,259
8000,32.00000000000402,-2074710.1281414926,52862.07049826739,-2021848.0576432252,47.99968073368689,1427.029397610669,0.9212475885025758,262
9000,36.000000000001805,-2070523.1281414926,59472.252853012105,-2011050.8752884804,54.00184144416447,1427.029397610669,0.9212475885025758,264
10000,39.99999999999959,-2066511.1281414926,66157.96278663832,-2000353.1653548542,60.07258251176257,1427.029397610669,0.9212475885025758,266
11000,43.99999999999737,-2061810.1281414926,72828.34225828126,-1988981.7858832113,66.12940325286263,1427.029397610669,0.9212475885025758,267
12000,47.999999999995154,-2057515.1281414926,79542.3705720675,-1977972.757569425,72.22585790287935,1427.029397610669,0.9212475885025758,268
13000,51.99999999999294,-2053410.1281414926,86014.69062047715,-1967395.4375210155,78.10283723799803,1427.029397610669,0.9212475885025758,269
14000,55.99999999999072,-2048823.1281414926,92806.92262474218,-1956016.2055167505,84.27030220107656,1427.029397610669,0.9212475885025758,269
15000,59.9999999999885,-2043670.1281414926,99726.9363565716,-1943943.191784921,90.55379519841249,1427.029397610669,0.9212475885025758,269
16000,63.99999999998629,-2038873.1281414926,106167.58227565863,-1932705.545865834,96.40201387242439,1427.029397610669,0.9212475885025758,270
17000,67.99999999999118,-2033541.1281414926,112265.73228007076,-1921275.395861422,101.93924029051385,1427.029397610669,0.9212475885025758,270
18000,71.99999999999606,-2028403.1281414926,118828.07432337703,-1909575.0538181155,107.89796116495019,1427.029397610669,0.9212475885025758,270
19000,76.00000000000095,-2023364.1281414926,126004.22333941181,-1897359.9048020807,114.41402946156222,1427.029397610669,0.9212475885025758,270
20000,80.00000000000584,-2018048.1281414926,132349.5672668739,-1885698.5608746186,120.1757122672632,1427.029397610669,0.9212475885025758,270
21000,84.00000000001073,-2012687.1281414926,139413.49716692377,-1873273.630974569,126.58988365199264,1427.029397610669,0.9212475885025758,270
22000,88.00000000001562,-2005795.1281414926,145965.60254723733,-1859829.5255942552,132.53930945813528,1427.029397610669,0.9212475885025758,270
23000,92.0000000000205,-2000246.1281414926,152193.65212029815,-1848052.4760211944,138.194486947074,1427.029397610669,0.9212475885025758,270
24000,96.0000000000254,-1995247.6281414926,159173.86168217735,-1836073.7664593153,144.53263880655163,1427.029397610669,0.9212475885025758,270
25000,100.00000000003028,-1988275.1281414926,164887.2165043506,-1823387.911637142,149.72046449702614,1427.029397610669,0.9212475885025758,270
26000,104.00000000003517,-1981620.1281414926,172210.733012557,-1809409.3951289356,156.37034504329256,1427.029397610669,0.9212475885025758,270
27000,108.00000000004006,-1973924.1281414926,179688.7378883554,-1794235.3902531373,163.1605037181224,1427.029397610669,0.9212475885025758,270
28000,112.00000000004495,-1967689.6281414926,185168.71839316725,-1782520.9097483254,168.1364214636526,1427.029397610669,0.9212475885025758,270
29000,116.00000000004984,-1960500.1281414926,191503.6899717066,-1768996.438169786,173.8886859958721,1427.029397610669,0.9212475885025758,269
30000,120.00000000005473,-1951910.6281414926,198668.02543108663,-1753242.602710406,180.39402737727985,1427.029397610669,0.9212475885025758,269
31000,124.00000000005961,-1940584.6281414926,205721.46363219267,-1734863.1645093,186.79867211662992,1427.029397610669,0.9212475885025758,269
32000,128.0000000000645,-1930510.1281414926,212362.36013520858,-1718147.768006284,192.82872180869919,1427.029397610669,0.9212475885025758,268
33000,132.00000000005517,-1920864.6281414926,218005.32294485363,-1702859.305196639,197.95263032575036,1427.029397610669,0.9212475885025758,268
34000,136.00000000004584,-1908271.1281414926,225190.37764893688,-1683080.7504925558,204.47678514222457,1427.029397610669,0.9212475885025758,268
35000,140.00000000003652,-1895460.6281414926,230825.32781879941,-1664635.3003226933,209.59341804279364,1427.029397610669,0.9212475885025758,267
36000,144.0000000000272,-1881188.1281414926,237100.80483387466,-1644087.323307618,215.2916604751455,1427.029397610669,0.9212475885025758,267
37000,148.00000000001788,-1864283.1281414926,243504.13498074716,-1620778.9931607454,221.10599577804186,1427.029397610669,0.9212475885025758,267
38000,152.00000000000855,-1849154.6281414926,250086.1178799722,-1599068.5102615203,227.08255089174563,1427.029397610669,0.9212475885025758,266
39000,155.99999999999923,-1832836.6281414926,256955.5322991093,-1575881.0958423833,233.32009883184708,1427.029397610669,0.9212475885025758,266
40000,159.9999999999899,-1814531.1281414926,263089.20969543624,-1551441.9184460563,238.88958474059095,1427.029397610669,0.9212475885025758,266
41000,163.9999999999806,-1801124.1281414926,271506.2417542065,-1529617.8863872862,246.53239645299675,1427.029397610669,0.9212475885025758,266
42000,167.99999999997127,-1784947.1281414926,276390.7062488142,-1508556.4218926784,250.96757528890484,1427.029397610669,0.9212475885025758,265
43000,171.99999999996194,-1770553.6281414926,283772.3186727217,-1486781.3094687709,257.67020793850924,1427.029397610669,0.9212475885025758,265
44000,175.99999999995262,-1758047.6281414926,289763.3919041619,-1468284.2362373308,263.1102067817383,1427.029397610669,0.9212475885025758,265
45000,179.9999999999433,-1742751.6281414926,298174.45803074975,-1444577.1701107428,270.7476013238113,1427.029397610669,0.9212475885025758,264
46000,183.99999999993398,-1729083.6281414926,303766.256161651,-1425317.3719798415,275.82505142140604,1427.029397610669,0.9212475885025758,264
47000,187.99999999992465,-1715571.6281414926,310806.01755220146,-1404765.6105892912,282.2172773785568,1427.029397610669,0.9212475885025758,264
48000,191.99999999991533,-1701771.6281414926,318219.73750547203,-1383551.8906360206,288.9490642240534,1427.029397610669,0.9212475885025758,264
49000,195.999999999906,-1688953.6281414926,324548.8675970453,-1364404.7605444472,294.69602458436407,1427.029397610669,0.9212475885025758,263
50000,199.9999999998967,-1676125.1281414926,329408.9528836052,-1346716.1752578875,299.1090666747417,1427.029397610669,0.9212475885025758,263
51000,203.99999999988736,-1675448.1281414926,331991.9849486117,-1343456.1431928808,301.45450477954034,1427.029397610669,0.9212475885025758,263
52000,207.99999999987804,-1672318.3900259286,331709.7075749722,-1340608.6824509564,301.1981920077301,1427.029397610669,0.9212475885025758,242
53000,211.99999999986872,-1674350.4269944709,331637.46702470176,-1342712.9599697692,301.13259632983994,1427.029397610669,0.9212475885025758,239
54000,215.9999999998594,-1671903.3789381124,332592.3185018424,-1339311.06043627,301.99961810213966,1427.029397610669,0.9212475885025758,237
55000,219.99999999985008,-1672422.6257850155,330345.5146564511,-1342077.1111285645,299.9594810769822,1427.029397610669,0.9212475885025758,235
56000,223.99999999984075,-1671515.8074050602,332560.01835693076,-1338955.7890481295,301.9702890079745,1427.029397610669,0.9212475885025758,233
57000,227.99999999983143,-1671329.0042923037,331975.2111554117,-1339353.793136892,301.43927388315836,1427.029397610669,0.9212475885025758,232
58000,231.9999999998221,-1673024.844748672,331282.67284976155,-1341742.1718989105,300.8104370393926,1427.029397610669,0.9212475885025758,230
59000,235.9999999998128,-1671218.2700483836,331163.0684882298,-1340055.2015601539,300.7018341959215,1427.029397610669,0.9212475885025758,228
60000,239.99999999980346,-1669963.3912894148,332478.5809701573,-1337484.8103192574,301.8963424423544,1427.029397610669,0.9212475885025758,227
61000,243.99999999979414,-1673030.772774374,331779.103811156,-1341251.668963218,301.26120499888884,1427.029397610669,0.9212475885025758,225
62000,247.99999999978482,-1670732.181172369,331284.49645063427,-1339447.6847217348,300.8120929007475,1427.029397610669,0.9212475885025758,224
63000,251.9999999997755,-1670595.7903979234,331543.68341006147,-1339052.106987862,301.0474391742773,1427.029397610669,0.9212475885025758,222
64000,255.99999999976617,-1675059.772368418,331963.5880020524,-1343096.1843663657,301.42871985746274,1427.029397610669,0.9212475885025758,221
65000,259.99999999978525,-1675164.083234083,332659.9999973412,-1342504.0832367418,302.0610740788901,1427.029397610669,0.9212475885025758,220
66000,263.99999999980434,-1674130.6165134665,330457.63047963125,-1343672.9860338352,300.0612841971989,1427.029397610669,0.9212475885025758,218
67000,267.99999999982344,-1674198.1471204087,331662.4600530482,-1342535.6870673606,301.15529043489283,1427.029397610669,0.9212475885025758,217
68000,271.99999999984254,-1673412.1356959324,329569.6648655142,-1343842.4708304182,299.2549959535043,1427.029397610669,0.9212475885025758,216
69000,275.99999999986164,-1676645.8303287793,332184.01780248305,-1344461.8125262964,301.62887395557374,1427.029397610669,0.9212475885025758,215
70000,279.99999999988074,-1675320.2597338893,333101.06540111656,-1342219.1943327726,302.4615691477427,1427.029397610669,0.9212475885025758,214
71000,283.99999999989984,-1674782.1561036427,331954.1508080819,-1342828.0052955607,301.42015072096586,1427.029397610669,0.9212475885025758,213
72000,287.99999999991894,-1678249.1605017893,332109.78314941714,-1346139.3773523723,301.5614675976132,1427.029397610669,0.9212475885025758,212
73000,291.99999999993804,-1675661.7134053186,332572.28067171475,-1343089.4327336038,301.98142340337637,1427.029397610669,0.9212475885025758,212
74000,295.99999999995714,-1674515.2229299154,332476.0907322328,-1342039.1321976827,301.89408126294546,1427.029397610669,0.9212475885025758,211
75000,299.99999999997624,-1674475.7772230767,332592.8195610264,-1341882.9576620501,302.00007307260597,1427.029397610669,0.9212475885025758,210
76000,303.99999999999534,-1676116.7084239237,330338.05957449554,-1345778.6488494282,299.95271173271817,1427.029397610669,0.9212475885025758,209
77000,308.00000000001444,-1676320.396329742,331208.17892621004,-1345112.217403532,300.74279525931536,1427.029397610669,0.9212475885025758,208
78000,312.00000000003354,-1673729.6751151457,332234.5430603577,-1341495.132054788,301.6747517697439,1427.029397610669,0.9212475885025758,207
79000,316.00000000005264,-1673903.436423177,332795.5232030803,-1341107.9132200966,302.18413151016676,1427.029397610669,0.9212475885025758,207
80000,320.00000000007174,-1675271.5778726656,332963.94233570877,-1342307.6355369568,302.3370590160214,1427.029397610669,0.9212475885025758,206
81000,324.00000000009084,-1676606.675674351,331464.1185680748,-1345142.557106276,300.97519291193856,1427.029397610669,0.9212475885025758,205
82000,328.00000000010994,-1675243.4756897893,331542.9634017155,-1343700.5122880738,301.0467853941585,1427.029397610669,0.9212475885025758,204
83000,332.00000000012903,-1675988.0148303509,332238.17362912896,-1343749.841201222,301.67804838942334,1427.029397610669,0.9212475885025758,204
84000,336.00000000014813,-1676549.7656140719,331259.2136823432,-1345290.5519317286,300.7891357067784,1427.029397610669,0.9212475885025758,203
85000,340.00000000016723,-1675003.6112969704,331856.12111638417,-1343147.4901805862,301.3311380534793,1427.029397610669,0.9212475885025758,202
86000,344.00000000018633,-1676920.9143442847,330864.16951596003,-1346056.7448283248,300.4304287230495,1427.029397610669,0.9212475885025758,202
87000,348.00000000020543,-1675189.3317828495,331276.67591330607,-1343912.6558695436,300.80499171663985,1427.029397610669,0.9212475885025758,201
88000,352.00000000022453,-1674412.8752768543,331489.36312860914,-1342923.5121482452,300.9981154125991,1427.029397610669,0.9212475885025758,201
89000,356.00000000024363,-1677009.8632944487,332069.96865470835,-1344939.8946397402,301.52531534295156,1427.029397610669,0.9212475885025758,200
90000,360.00000000026273,-1675129.378913097,331709.976701636,-1343419.4022114612,301.1984363794283,1427.029397610669,0.9212475885025758,199
91000,364.00000000028183,-1676343.083509501,332361.6179717694,-1343981.4655377315,301.7901380026238,1427.029397610669,0.9212475885025758,199
92000,368.00000000030093,-1676934.8360564094,331180.7955561881,-1345754.0405002213,300.71793068238753,1427.029397610669,0.9212475885025758,198
93000,372.00000000032003,-1675566.5714312028,331638.53068336286,-1343928.04074784,301.13356215043046,1427.029397610669,0.9212475885025758,198
94000,376.0000000003391,-1676718.019404471,331653.8174402594,-1345064.2019642117,301.1474427919485,1427.029397610669,0.9212475885025758,197
95000,380.0000000003582,-1676338.3838914782,332488.5834537117,-1343849.8004377666,301.9054248716394,1427.029397610669,0.9212475885025758,197
96000,384.0000000003773,-1675576.0739267226,331601.9531964439,-1343974.1207302788,301.1003491552223,1427.029397610669,0.9212475885025758,196
97000,388.0000000003964,-1677416.1649304777,330627.57680416177,-1346788.588126316,300.21559841990035,1427.029397610669,0.9212475885025758,196
98000,392.0000000004155,-1676366.240836015,331283.305522289,-1345082.9353137258,300.8110115170671,1427.029397610669,0.9212475885025758,195
99000,396.0000000004346,-1674713.6592628136,330977.5457038875,-1343736.1135589262,300.53337627640906,1427.029397610669,0.9212475885025758,195
100000,400.0000000004537,-1673463.907497624,331204.50599698833,-1342259.4015006355,300.73946017560905,1427.029397610669,0.9212475885025758,194
101000,404.0000000004728,-1676728.8434706163,330396.3938802909,-1346332.4495903254,300.0056802984139,1427.029397610669,0.9212475885025758,194
102000,408.0000000004919,-1674606.1505588777,331526.1028911548,-1343080.047667723,301.0314757569027,1427.029397610669,0.9212475885025758,193
103000,412.000000000511,-1675884.8319791015,331159.4123614543,-1344725.4196176473,300.69851436912904,1427.029397610669,0.9212475885025758,193
104000,416.0000000005301,-1675503.5426995903,330649.3714962233,-1344854.171203367,300.2353883798997,1427.029397610669,0.9212475885025758,192
105000,420.0000000005492,-1677334.489468839,332552.51604775724,-1344781.973421082,301.963476780574,1427.029397610669,0.9212475885025758,192
106000,424.0000000005683,-1676682.1074209996,332160.97283866303,-1344521.1345823365,301.60794872704116,1427.029397610669,0.9212475885025758,191
107000,428.0000000005874,-1675992.4271732755,330517.39706881257,-1345475.030104463,300.1155533011558,1427.029397610669,0.9212475885025758,191
108000,432.0000000006065,-1675612.8339385204,331441.0055111995,-1344171.8284273208,300.9542058537258,1427.029397610669,0.9212475885025758,191
109000,436.0000000006256,-1675485.2223913092,333109.48751310114,-1342375.734878208,302.4692165721162,1427.029397610669,0.9212475885025758,190
110000,440.0000000006447,-1675485.3620997649,331028.6142467738,-1344456.747852991,300.57974740283254,1427.029397610669,0.9212475885025758,190
111000,444.0000000006638,-1674473.3011614922,332779.17683358083,-1341694.1243279115,302.16928872194956,1427.029397610669,0.9212475885025758,189
112000,448.0000000006829,-1676652.166640263,331370.164664254,-1345282.001976009,300.88988113083406,1427.029397610669,0.9212475885025758,189
113000,452.000000000702,-1674321.1726756766,332126.9036386673,-1342194.2690370092,301.57701330004727,1427.029397610669,0.9212475885025758,189
114000,456.0000000007211,-1674020.9578871056,331835.8441272794,-1342185.1137598262,301.31272619419923,1427.029397610669,0.9212475885025758,188
115000,460.0000000007402,-1676725.0229593273,331195.0888507584,-1345529.9341085688,300.73090924280984,1427.029397610669,0.9212475885025758,188
116000,464.0000000007593,-1675993.226406457,330363.21021723695,-1345630.01618922,299.9755489543869,1427.029397610669,0.9212475885025758,188
117000,468.0000000007784,-1673573.6612288728,330360.4830591942,-1343213.1781696787,299.97307264738396,1427.029397610669,0.9212475885025758,187
118000,472.0000000007975,-1675198.5302734133,330245.663328148,-1344952.8669452653,299.86881433172977,1427.029397610669,0.9212475885025758,187
119000,476.0000000008166,-1676224.3366949372,333678.7947595199,-1342545.5419354173,302.9861574677319,1427.029397610669,0.9212475885025758,187
120000,480.0000000008357,-1677730.7526128702,330735.70321765763,-1346995.0493952124,300.31377908663853,1427.029397610669,0.9212475885025758,186
121000,484.0000000008548,-1677253.8663060684,330900.99109329144,-1346352.875212777,300.4638633566035,1427.029397610669,0.9212475885025758,186
122000,488.0000000008739,-1675958.3405918255,332436.1412408458,-1343522.1993509796,301.8578064289487,1427.029397610669,0.9212475885025758,186
123000,492.000000000893,-1674179.3044996,331034.87309044885,-1343144.4314091513,300.5854305419024,1427.029397610669,0.9212475885025758,186
124000,496.0000000009121,-1675602.122362597,331526.25700246455,-1344075.8653601324,301.03161569265615,1427.029397610669,0.9212475885025758,185
125000,500.0000000009312,-1677631.257422531,331141.3341557933,-1346489.9232667377,300.682099043513,1427.029397610669,0.9212475885025758,185
126000,504.0000000009503,-1675135.0515403915,331864.8141091719,-1343270.2374312195,301.3390314423402,1427.029397610669,0.9212475885025758,185
127000,508.0000000009694,-1676467.0661085937,332025.34462405776,-1344441.7214845358,301.4847959458851,1427.029397610669,0.9212475885025758,184
128000,512.0000000009885,-1677444.6855508517,330910.55912234343,-1346534.1264285082,300.4725512936332,1427.029397610669,0.9212475885025758,184
129000,516.0000000010076,-1674569.5930069797,333181.64807286323,-1341387.9449341164,302.5347396172314,1427.029397610669,0.9212475885025758,184
130000,520.0000000010267,-1675915.401522072,333047.8440577962,-1342867.557464276,302.41324324102885,1427.029397610669,0.9212475885025758,183
131000,524.0000000010458,-1676035.3529731221,331137.69406462123,-1344897.6589085008,300.67879377732777,1427.029397610669,0.9212475885025758,183
132000,528.0000000010649,-1676206.0535640959,330614.61627295223,-1345591.4372911437,300.203830031823,1427.029397610669,0.9212475885025758,183
133000,532.000000001084,-1675180.2258271687,331199.22162845364,-1343981.004198715,300.7346618769394,1427.029397610669,0.9212475885025758,183
134000,536.0000000011031,-1676176.049285831,330501.49074841244,-1345674.5585374185,300.1011100851853,1427.029397610669,0.9212475885025758,182
135000,540.0000000011222,-1678141.6212497354,332311.9625884554,-1345829.6586612798,301.74505004970564,1427.029397610669,0.9212475885025758,182
136000,544.0000000011413,-1678324.4200359322,332933.8899831167,-1345390.5300528156,302.3097709564331,1427.029397610669,0.9212475885025758,182
137000,548.0000000011604,-1677932.5402982477,330064.5132143673,-1347868.0270838803,299.70432687324796,1427.029397610669,0.9212475885025758,182
138000,552.0000000011795,-1677555.5509372242,331996.4303606713,-1345559.1205765528,301.4585412911181,1427.029397610669,0.9212475885025758,181
139000,556.0000000011986,-1676841.5695557892,331543.8472402638,-1345297.7223155254,301.04758793495455,1427.029397610669,0.9212475885025758,181
140000,560.0000000012177,-1678555.5170916952,331286.06339706347,-1347269.4536946318,300.81351571539733,1427.029397610669,0.9212475885025758,181
141000,564.0000000012368,-1677805.7550352123,330434.8886205665,-1347370.8664146457,300.0406341930635,1427.029397610669,0.9212475885025758,181
142000,568.0000000012559,-1678448.016054716,331764.17795220145,-1346683.8381025144,301.2476520589881,1427.029397610669,0.9212475885025758,181
143000,572.000000001275,-1678415.6586515512,331709.13187430927,-1346706.5267772418,301.1976692615009,1427.029397610669,0.9212475885025758,180
144000,576.0000000012941,-1676748.8877517916,332480.2413226096,-1344268.646429182,301.8978500713002,1427.029397610669,0.9212475885025758,180
145000,580.0000000013132,-1678133.1983810365,330351.1353834359,-1347782.0629976005,299.96458479498295,1427.029397610669,0.9212475885025758,180
146000,584.0000000013323,-1678306.568747012,331060.5585940272,-1347246.0101529849,300.60875342652696,1427.029397610669,0.9212475885025758,180
147000,588.0000000013514,-1675852.5158001687,331936.8424960434,-1343915.6733041252,301.40443447216865,1427.029397610669,0.9212475885025758,180
148000,592.0000000013705,-1676253.462541949,330781.9797597554,-1345471.4827821935,300.3557989928816,1427.029397610669,0.9212475885025758,179
149000,596.0000000013896,-1674175.6914698407,332515.37890948897,-1341660.3125603518,301.92975561219305,1427.029397610669,0.9212475885025758,179
150000,600.0000000014087,-1678259.7259550896,332652.43884564907,-1345607.2871094404,302.0542084214579,1427.029397610669,0.9212475885025758,179
151000,604.0000000014278,-1676219.5006259829,329820.28092015185,-1346399.219705831,299.48255969620215,1427.029397610669,0.9212475885025758,179
152000,608.0000000014469,-1675629.1901736893,330362.14232120244,-1345267.0478524868,299.9745792861875,1427.029397610669,0.9212475885025758,179
153000,612.000000001466,-1675758.8728015553,329963.6415507947,-1345795.2312507606,299.61273364579915,1427.029397610669,0.9212475885025758,178
154000,616.0000000014851,-1676766.1349398158,330958.23146034987,-1345807.903479466,300.51583860687253,1427.029397610669,0.9212475885025758,178
155000,620.0000000015042,-1677990.4129861277,329579.72071320715,-1348410.6922729206,299.26412683835645,1427.029397610669,0.9212475885025758,178
156000,624.0000000015233,-1676825.2147694062,330880.5306346716,-1345944.6841347346,300.4452849038082,1427.029397610669,0.9212475885025758,178
157000,628.0000000015424,-1677182.9041206297,330127.79250684625,-1347055.1116137835,299.7617855729813,1427.029397610669,0.9212475885025758,178
158000,632.0000000015615,-1677553.9214459583,332310.0023196702,-1345243.919126288,301.7432700915058,1427.029397610669,0.9212475885025758,178
159000,636.0000000015806,-1678050.0083352178,331451.5346432454,-1346598.4736919724,300.9637664890139,1427.029397610669,0.9212475885025758,177
160000,640.0000000015997,-1677115.8094158806,331505.23036569456,-1345610.579050186,301.01252314023907,1427.029397610669,0.9212475885025758,177
161000,644.0000000016188,-1677363.7332561594,330198.90462874906,-1347164.8286274103,299.82635661825924,1427.029397610669,0.9212475885025758,177
162000,648.0000000016379,-1678411.1973070689,332588.3976189396,-1345822.7996881292,301.9960578721723,1427.029397610669,0.9212475885025758,177
163000,652.000000001657,-1677196.162099624,331195.29097984044,-1346000.8711197837,300.7310927795369,1427.029397610669,0.9212475885025758,177
164000,656.0000000016761,-1678949.3430758398,332542.0710395291,-1346407.2720363108,301.95399253117773,1427.029397610669,0.9212475885025758,177
165000,660.0000000016952,-1676727.741305679,333031.77031776047,-1343695.9709879186,302.3986480051133,1427.029397610669,0.9212475885025758,176
166000,664.0000000017143,-1678948.5609999765,333072.0534451492,-1345876.5075548273,302.4352257864107,1427.029397610669,0.9212475885025758,176
167000,668.0000000017334,-1677901.1382132582,331481.437533656,-1346419.700679602,300.9909188343382,1427.029397610669,0.9212475885025758,176
168000,672.0000000017525,-1677870.0450781304,331506.5627306412,-1346363.4823474893,301.01373295081703,1427.029397610669,0.9212475885025758,176
169000,676.0000000017716,-1677808.0607632678,330750.84366693627,-1347057.2170963315,300.3275268782912,1427.029397610669,0.9212475885025758,176
170000,680.0000000017907,-1675514.4912982695,332305.09217964835,-1343209.3991186211,301.738811598844,1427.029397610669,0.9212475885025758,176
171000,684.0000000018098,-1676238.579784451,331094.7450759244,-1345143.8347085267,300.63979534753014,1427.029397610669,0.9212475885025758,175
172000,688.0000000018289,-1677080.0652371645,331468.5142923576,-1345611.550944807,300.97918430614953,1427.029397610669,0.9212475885025758,175
173000,692.000000001848,-1676469.011367444,333269.78331791575,-1343199.2280495283,302.6147679548283,1427.029397610669,0.9212475885025758,175
174000,696.0000000018671,-1676206.0817080569,330975.8737236267,-1345230.2079844302,300.53185808921074,1427.029397610669,0.9212475885025758,175
175000,700.0000000018862,-1676314.9681433272,332030.7424121464,-1344284.2257311807,301.48969723148514,1427.029397610669,0.9212475885025758,175
176000,704.0000000019053,-1678207.0437888931,331034.07479694206,-1347172.968991951,300.584705677494,1427.029397610669,0.9212475885025758,175
177000,708.0000000019244,-1678702.0629768465,331432.7308771091,-1347269.3320997374,300.9466923418489,1427.029397610669,0.9212475885025758,175
178000,712.0000000019435,-1677425.9070572127,331086.6815999588,-1346339.2254572539,300.63247357090836,1427.029397610669,0.9212475885025758,174
179000,716.0000000019626,-1678645.350435175,330687.2555544955,-1347958.0948806796,300.2697877646537,1427.029397610669,0.9212475885025758,174
180000,720.0000000019817,-1679350.5242033955,332001.76879564364,-1347348.7554077518,301.4633886830548,1427.029397610669,0.9212475885025758,174
181000,724.0000000020008,-1676543.2507561315,331448.05202825414,-1345095.1987278773,300.96060421394367,1427.029397610669,0.9212475885025758,174
182000,728.0000000020199,-1678033.4805158041,331824.09548047266,-1346209.3850353314,301.3020582182675,1427.029397610669,0.9212475885025758,174
183000,732.000000002039,-1676093.4837393109,331400.91849189706,-1344692.5652474137,300.9178061419865,1427.029397610669,0.9212475885025758,174
184000,736.0000000020581,-1676912.4717969857,332280.602824901,-1344631.8689720847,301.71657483819183,1427.029397610669,0.9212475885025758,174
185000,740.0000000020772,-1677776.1168970466,331362.32406247134,-1346413.7928345753,300.88276172785226,1427.029397610669,0.9212475885025758,174
186000,744.0000000020963,-1676265.385055406,332827.24445564044,-1343438.1405997656,302.21293495999396,1427.029397610669,0.9212475885025758,174
187000,748.0000000021154,-1674464.3484175056,331444.93624838174,-1343019.412169124,300.9577750315506,1427.029397610669,0.9212475885025758,174
188000,752.0000000021345,-1677056.432717571,331572.92559151154,-1345483.5071260594,301.07399158435754,1427.029397610669,0.9212475885025758,174
189000,756.0000000021536,-1678168.6525687668,330170.1672965884,-1347998.4852721784,299.800262620127,1427.029397610669,0.9212475885025758,174
190000,760.0000000021727,-1676877.6718990076,331458.5555603114,-1345419.1163386963,300.9701416039962,1427.029397610669,0.9212475885025758,174
191000,764.0000000021918,-1677026.866446644,331640.30433299125,-1345386.562113653,301.13517265518544,1427.029397610669,0.9212475885025758,174
192000,768.0000000022109,-1677428.6788357552,331931.1689122181,-1345497.509923537,301.39928275923603,1427.029397610669,0.9212475885025758,173
193000,772.00000000223,-1676193.8167348541,330658.12800056906,-1345535.688734285,300.2433394383614,1427.029397610669,0.9212475885025758,173
194000,776.0000000022491,-1675300.9787945654,330487.3028006422,-1344813.675993923,300.08822718149236,1427.029397610669,0.9212475885025758,173
195000,780.0000000022682,-1677837.550983848,331164.70543900947,-1346672.8455448386,300.7033205757409,1427.029397610669,0.9212475885025758,173
196000,784.0000000022873,-1679272.8695240188,331787.5897705983,-1347485.2797534205,301.268910397866,1427.029397610669,0.9212475885025758,173
197000,788.0000000023064,-1678658.0479806326,332404.9661488283,-1346253.0818318045,301.8294989024069,1427.029397610669,0.9212475885025758,173
198000,792.0000000023255,-1678701.938024614,331207.1408317018,-1347494.797192912,300.7418526514209,1427.029397610669,0.9212475885025758,173
199000,796.0000000023446,-1676874.6067744624,331200.02764495305,-1345674.5791295094,300.7353937539596,1427.029397610669,0.9212475885025758,173
200000,800.0000000023637,-1676155.920208741,333105.1085605499,-1343050.811648191,302.4652404069296,1427.029397610669,0.9212475885025758,173
201000,804.0000000023828,-1674524.7515323777,331734.2224784338,-1342790.529053944,301.2204519670598,1427.029397610669,0.9212475885025758,173
202000,808.0000000024019,-1677195.2551798727,333093.6322219133,-1344101.6229579593,302.45481969155924,1427.029397610669,0.9212475885025758,173
203000,812.000000002421,-1678073.375350915,331671.90258455375,-1346401.4727663612,301.1638644179644,1427.029397610669,0.9212475885025758,173
204000,816.0000000024401,-1677293.809375966,330810.89634712687,-1346482.913028839,300.3820557578674,1427.029397610669,0.9212475885025758,172
205000,820.0000000024592,-1675370.403849436,330521.9098219208,-1344848.4940275152,300.1196509595786,1427.029397610669,0.9212475885025758,172
206000,824.0000000024783,-1677507.170732053,331163.8501595079,-1346343.320572545,300.7025439670567,1427.029397610669,0.9212475885025758,172
207000,828.0000000024974,-1676141.6660054922,330172.43558580463,-1345969.2304196875,299.8023222662431,1427.029397610669,0.9212475885025758,172
208000,832.0000000025165,-1675884.5908712056,333136.9781083549,-1342747.6127628507,302.49417851142204,1427.029397610669,0.9212475885025758,172
209000,836.0000000025356,-1676035.757923048,331560.84734134504,-1344474.9105817028,301.06302432283434,1427.029397610669,0.9212475885025758,172
210000,840.0000000025547,-1678517.7299258988,332087.99786346813,-1346429.7320624306,301.54168617852787,1427.029397610669,0.9212475885025758,172
211000,844.0000000025738,-1676348.3071129192,332283.62148465286,-1344064.6856282663,301.71931583382377,1427.029397610669,0.9212475885025758,172
212000,848.0000000025929,-1675762.0988056827,331302.2103205779,-1344459.8884851048,300.8281774031863,1427.029397610669,0.9212475885025758,172
213000,852.000000002612,-1676841.2302023824,330658.97930780414,-1346182.2508945782,300.24411244015846,1427.029397610669,0.9212475885025758,172
214000,856.000000002631,-1672963.205011014,331021.57235702797,-1341941.6326539859,300.5733532442917,1427.029397610669,0.9212475885025758,172
215000,860.0000000026502,-1677396.2133512497,332176.0613098055,-1345220.152041444,301.62164932164086,1427.029397610669,0.9212475885025758,171
216000,864.0000000026693,-1677008.3779391814,330744.25555855245,-1346264.122380629,300.32154476113084,1427.029397610669,0.9212475885025758,171
217000,868.0000000026884,-1677229.5687627047,331868.45489696803,-1345361.1138657366,301.3423373410722,1427.029397610669,0.9212475885025758,171
218000,872.0000000027075,-1675284.9864318464,330161.56406008604,-1345123.4223717605,299.7924507315366,1427.029397610669,0.9212475885025758,171
219000,876.0000000027266,-1677345.7827280592,331171.739405594,-1346174.0433224651,300.70970753991327,1427.029397610669,0.9212475885025758,171
220000,880.0000000027457,-1677023.5075688884,332098.82027759386,-1344924.6872912946,301.55151311905263,1427.029397610669,0.9212475885025758,171
221000,884.0000000027648,-1677743.3299922347,331197.6885379309,-1346545.6414543039,300.7332698040423,1427.029397610669,0.9212475885025758,171
222000,888.0000000027838,-1675766.2218152694,332610.036629526,-1343156.1851857435,302.0157064706806,1427.029397610669,0.9212475885025758,171
223000,892.000000002803,-1675407.098620642,331403.01433652913,-1344004.0842841128,300.9197092054166,1427.029397610669,0.9212475885025758,171
224000,896.000000002822,-1678080.7874308769,332694.05151022004,-1345386.735920657,302.09199344567384,1427.029397610669,0.9212475885025758,171
225000,900.0000000028411,-1676245.9544921499,331021.6299240626,-1345224.3245680872,300.5734055161618,1427.029397610669,0.9212475885025758,171
226000,904.0000000028602,-1676363.5603945553,330633.8007691283,-1345729.759625427,300.22124988849544,1427.029397610669,0.9212475885025758,171
227000,908.0000000028793,-1676975.4477767386,332476.24443545105,-1344499.2033412876,301.89422082814474,1427.029397610669,0.9212475885025758,171
228000,912.0000000028984,-1677370.5363801643,331251.9651283439,-1346118.5712518203,300.78255389349584,1427.029397610669,0.9212475885025758,170
229000,916.0000000029175,-1677983.699053079,331489.5956913305,-1346494.1033617484,300.9983265836007,1427.029397610669,0.9212475885025758,170
230000,920.0000000029366,-1677053.6294753961,331053.33845432015,-1346000.291021076,300.6021974139167,1427.029397610669,0.9212475885025758,170
231000,924.0000000029557,-1677241.3793170974,331790.46700867475,-1345450.9123084226,301.2715229801535,1427.029397610669,0.9212475885025758,170
232000,928.0000000029748,-1678474.6177006438,331141.74519221374,-1347332.8725084302,300.682472271742,1427.029397610669,0.9212475885025758,170
233000,932.0000000029939,-1677049.3909790348,330426.9398411333,-1346622.4511379015,300.03341656289086,1427.029397610669,0.9212475885025758,170
234000,936.000000003013,-1676515.0414571501,330844.0484777443,-1345670.992979406,300.4121584698929,1427.029397610669,0.9212475885025758,170
235000,940.0000000030321,-1677743.1563813388,332263.7940965788,-1345479.36228476,301.7013122201104,1427.029397610669,0.9212475885025758,170
236000,944.0000000030512,-1679208.1302892864,331578.8847157756,-1347629.2455735109,301.07940257298196,1427.029397610669,0.9212475885025758,170
237000,948.0000000030703,-1676823.5500526484,331183.9855718783,-1345639.5644807701,300.7208272721961,1427.029397610669,0.9212475885025758,170
238000,952.0000000030894,-1676643.0192146134,330977.56006504456,-1345665.4591495688,300.5333893165899,1427.029397610669,0.9212475885025758,170
239000,956.0000000031085,-1676857.9758083671,330953.4057711654,-1345904.5700372017,300.51145679704194,1427.029397610669,0.9212475885025758,170
240000,960.0000000031276,-1672726.2887781113,329609.8545686074,-1343116.434209504,299.29148890391417,1427.029397610669,0.9212475885025758,170
241000,964.0000000031467,-1676752.969135942,331200.8721741672,-1345552.0969617749,300.73616060119565,1427.029397610669,0.9212475885025758,170
242000,968.0000000031658,-1676020.3770810887,331327.6711117213,-1344692.7059693674,300.851296245006,1427.029397610669,0.9212475885025758,169
243000,972.0000000031849,-1676351.1351537332,331751.27862261236,-1344599.8565311208,301.23593924304805,1427.029397610669,0.9212475885025758,169
244000,976.000000003204,-1675291.540497413,332800.36074081925,-1342491.1797565937,302.18852407869116,1427.029397610669,0.9212475885025758,169
245000,980.0000000032231,-1677203.8113867622,331558.9863716716,-1345644.8250150906,301.06133452995755,1427.029397610669,0.9212475885025758,169
246000,984.0000000032422,-1676035.5290848818,330815.72580168274,-1345219.803283199,300.38644098672086,1427.029397610669,0.9212475885025758,169
247000,988.0000000032613,-1678128.72988417,330069.2175363149,-1348059.5123478551,299.70859847951357,1427.029397610669,0.9212475885025758,169
248000,992.0000000032804,-1675867.0565782506,330392.0311900935,-1345475.025388157,300.00171889972785,1427.029397610669,0.9212475885025758,169
249000,996.0000000032995,-1674561.1561302822,331592.3987434831,-1342968.757386799,301.09167354551994,1427.029397610669,0.9212475885025758,169
250000,1000.0000000033186,-1676386.6910429616,331724.6400365081,-1344662.0510064536,301.2117509428897,1427.029397610669,0.9212475885025758,169
251000,1004.0000000033377,-1675326.137983501,332545.39895112766,-1342780.7390323733,301.95701433287286,1427.029397610669,0.9212475885025758,169
252000,1008.0000000033568,-1675361.9365090933,331616.94869024644,-1343744.987818847,301.11396532477795,1427.029397610669,0.9212475885025758,169
253000,1012.0000000033759,-1677747.3729802128,332028.0751823222,-1345719.2977978906,301.4872753403484,1427.029397610669,0.9212475885025758,169
254000,1016.000000003395,-1673906.3742468543,330696.40496292047,-1343209.9692839338,300.2780955868627,1427.029397610669,0.9212475885025758,169
255000,1020.0000000034141,-1674904.3165114578,330429.64803193917,-1344474.6684795185,300.03587564731225,1427.029397610669,0.9212475885025758,169
256000,1024.0000000034331,-1675782.7423473373,331996.915741496,-1343785.8266058413,301.45898202536097,1427.029397610669,0.9212475885025758,168
257000,1028.0000000033385,-1677523.503861392,331585.1452117822,-1345938.3586496096,301.08508721239764,1427.029397610669,0.9212475885025758,168
258000,1032.000000003244,-1675627.015576357,330219.86522438534,-1345407.1503519716,299.8453892041766,1427.029397610669,0.9212475885025758,168
259000,1036.0000000031494,-1677208.4048309494,331140.3616649928,-1346068.0431659566,300.6812160049279,1427.029397610669,0.9212475885025758,168
260000,1040.0000000030548,-1676815.4994259737,331335.3699214896,-1345480.1295044841,300.8582868983691,1427.029397610669,0.9212475885025758,168
261000,1044.0000000029602,-1674237.9093767628,330619.553871975,-1343618.3555047878,300.2083134577359,1427.029397610669,0.9212475885025758,168
262000,1048.0000000028656,-1675126.227864612,331146.03729357646,-1343980.1905710355,300.6863695745367,1427.029397610669,0.9212475885025758,168
263000,1052.000000002771,-1676039.864344053,332144.33746338286,-1343895.52688067,301.5928435165414,1427.029397610669,0.9212475885025758,168
264000,1056.0000000026764,-1675873.2626892664,332179.75308521,-1343693.5096040564,301.62500151800936,1427.029397610669,0.9212475885025758,168
265000,1060.0000000025818,-1674068.6806898434,331800.7955769567,-1342267.8851128868,301.2809015000506,1427.029397610669,0.9212475885025758,168
266000,1064.0000000024872,-1677580.2861494794,330678.6117935701,-1346901.6743559092,300.2619390791814,1427.029397610669,0.9212475885025758,168
267000,1068.0000000023927,-1674410.3104919866,332131.37364823325,-1342278.9368437533,301.5810721465892,1427.029397610669,0.9212475885025758,168
268000,1072.000000002298,-1675794.248364374,331568.2017473887,-1344226.0466169855,301.0697022516168,1427.029397610669,0.9212475885025758,168
269000,1076.0000000022035,-1678781.5964669157,331099.48876941466,-1347682.107697501,300.64410270384224,1427.029397610669,0.9212475885025758,168
270000,1080.000000002109,-1676416.3902800176,331235.05588162056,-1345181.334398397,300.76720000295546,1427.029397610669,0.9212475885025758,168
271000,1084.0000000020143,-1674939.398161823,331364.48810089246,-1343574.9100609305,300.8847267124306,1427.029397610669,0.9212475885025758,168
272000,1088.0000000019197,-1679600.6348445285,331874.3797493152,-1347726.2550952132,301.3477172101991,1427.029397610669,0.9212475885025758,168
273000,1092.0000000018251,-1677554.5190992653,331127.93935886386,-1346426.5797404014,300.6699363345982,1427.029397610669,0.9212475885025758,168
274000,1096.0000000017305,-1675351.2212076932,330876.50720210915,-1344474.7140055841,300.4416315569636,1427.029397610669,0.9212475885025758,168
275000,1100.000000001636,-1675506.4421538785,331366.66041582695,-1344139.7817380517,300.88669921222726,1427.029397610669,0.9212475885025758,167
276000,1104.0000000015414,-1677118.4559868965,331194.16981746984,-1345924.2861694267,300.7300747445766,1427.029397610669,0.9212475885025758,167
277000,1108.0000000014468,-1676621.196690362,331812.0688445307,-1344809.1278458312,301.29113782335907,1427.029397610669,0.9212475885025758,167
278000,1112.0000000013522,-1676525.1308200248,330666.4548608391,-1345858.6759591857,300.25090037251914,1427.029397610669,0.9212475885025758,167
279000,1116.0000000012576,-1675706.3975834455,331479.3161237774,-1344227.081459668,300.9889925572189,1427.029397610669,0.9212475885025758,167
280000,1120.000000001163,-1673390.863594083,330947.57622522255,-1342443.2873688606,300.50616346779015,1427.029397610669,0.9212475885025758,167
281000,1124.0000000010684,-1674269.9086876456,331274.2557676979,-1342995.6529199476,300.80279418227485,1427.029397610669,0.9212475885025758,167
282000,1128.0000000009738,-1676133.5676734503,331473.4438833401,-1344660.1237901102,300.98366046062245,1427.029397610669,0.9212475885025758,167
283000,1132.0000000008793,-1675229.3869272862,331068.62621513836,-1344160.7607121477,300.6160789670131,1427.029397610669,0.9212475885025758,167
284000,1136.0000000007847,-1676176.563319724,331100.86452867783,-1345075.6987910462,300.64535191721535,1427.029397610669,0.9212475885025758,167
285000,1140.00000000069,-1674995.9366828818,329798.61500305333,-1345197.3216798285,299.4628866661121,1427.029397610669,0.9212475885025758,167
286000,1144.0000000005955,-1677779.7254859172,330765.2665045624,-1347014.4589813547,300.34062306606444,1427.029397610669,0.9212475885025758,167
287000,1148.000000000501,-1679087.4840071555,329738.6323557945,-1349348.851651361,299.4084213776577,1427.029397610669,0.9212475885025758,167
288000,1152.0000000004063,-1676431.3664668798,332114.2106773485,-1344317.1557895313,301.56548787009103,1427.029397610669,0.9212475885025758,167
289000,1156.0000000003117,-1678097.48882333,331061.93483112246,-1347035.5539922076,300.6100030737799,1427.029397610669,0.9212475885025758,167
290000,1160.0000000002171,-1674988.2571577951,330406.7556644136,-1344581.5014933816,300.01508897887294,1427.029397610669,0.9212475885025758,167
291000,1164.0000000001226,-1676154.0076126587,329829.2715105751,-1346324.7361020837,299.49072330889936,1427.029397610669,0.9212475885025758,167
292000,1168.000000000028,-1676430.0489688776,331752.56029292237,-1344677.4886759552,301.2371030220129,1427.029397610669,0.9212475885025758,167
293000,1171.9999999999334,-1676137.707053978,331140.6108112937,-1344997.0962426844,300.6814422341086,1427.029397610669,0.9212475885025758,167
294000,1175.9999999998388,-1677837.7311723623,331458.1653277754,-1346379.565844587,300.9697872660566,1427.029397610669,0.9212475885025758,167
295000,1179.9999999997442,-1675971.5286183693,331878.0658179779,-1344093.4628003915,301.35106422474666,1427.029397610669,0.9212475885025758,167
296000,1183.9999999996496,-1675427.7926942725,333167.9922845951,-1342259.8004096774,302.5223399236353,1427.029397610669,0.9212475885025758,167
297000,1187.999999999555,-1673899.0147714298,332665.94251194596,-1341233.0722594839,302.0664699856546,1427.029397610669,0.9212475885025758,167
298000,1191.9999999994604,-1674496.6957885902,332205.9033707827,-1342290.7924178075,301.64874643278006,1427.029397610669,0.9212475885025758,167
299000,1195.9999999993659,-1676311.771266196,332802.44327812793,-1343509.327988068,302.1904150588399,1427.029397610669,0.9212475885025758,167
300000,1199.9999999992713,-1676396.839507401,332318.9967698797,-1344077.8427375213,301.75143720895625,1427.029397610669,0.9212475885025758,167
301000,1203.9999999991767,-1677583.778712174,332406.6869189181,-1345177.0917932559,301.83106139161987,1427.029397610669,0.9212475885025758,167
302000,1207.999999999082,-1675924.5856949277,332644.3592644386,-1343280.2264304892,302.04687202099325,1427.029397610669,0.9212475885025758,167
303000,1211.9999999989875,-1678475.3383598085,332130.31181888183,-1346345.0265409267,301.5801079870438,1427.029397610669,0.9212475885025758,167
304000,1215.999999998893,-1678828.0655790493,331716.9132172577,-1347111.1523617916,301.20473485642907,1427.029397610669,0.9212475885025758,167
305000,1219.9999999987983,-1675377.928348083,330822.1761921622,-1344555.752155921,300.39229805362544,1427.029397610669,0.9212475885025758,167
306000,1223.9999999987037,-1675838.2538483497,331444.69666779327,-1344393.5571805565,300.9575574882034,1427.029397610669,0.9212475885025758,167
307000,1227.9999999986092,-1676902.1159811933,331493.2894016766,-1345408.8265795168,301.00168053692994,1427.029397610669,0.9212475885025758,167
308000,1231.9999999985146,-1676850.44627475,331472.5484272507,-1345377.8978474992,300.98284737089676,1427.029397610669,0.9212475885025758,167
309000,1235.99999999842,-1676590.3470587134,329956.1011659401,-1346634.2458927734,299.6058868450171,1427.029397610669,0.9212475885025758,167
310000,1239.9999999983254,-1675928.0134463068,330934.419526635,-1344993.5939196718,300.49421695631685,1427.029397610669,0.9212475885025758,167
311000,1243.9999999982308,-1674211.8390540387,330678.8837441595,-1343532.9553098793,300.26218601505315,1427.029397610669,0.9212475885025758,167
312000,1247.9999999981362,-1674520.3319283146,330916.4569191952,-1343603.8750091195,300.47790659589907,1427.029397610669,0.9212475885025758,167
313000,1251.9999999980416,-1677184.748294562,331962.9969343619,-1345221.7513602003,301.4281831577049,1427.029397610669,0.9212475885025758,166
314000,1255.999999997947,-1675301.9302199222,333354.76904904406,-1341947.1611708782,302.69193647892564,1427.029397610669,0.9212475885025758,166
315000,1259.9999999978525,-1677242.9825204406,332170.9324448592,-1345072.0500755813,301.616992222938,1427.029397610669,0.9212475885025758,166
316000,1263.9999999977579,-1677773.5789889488,332823.0654455706,-1344950.513543378,302.209140346063,1427.029397610669,0.9212475885025758,166
317000,1267.9999999976633,-1677354.8059640396,331172.5964555425,-1346182.2095084973,300.7104857561941,1427.029397610669,0.9212475885025758,166
318000,1271.9999999975687,-1674447.8181069177,333339.5060867966,-1341108.3120201211,302.6780774433634,1427.029397610669,0.9212475885025758,166
319000,1275.999999997474,-1677291.486961482,331118.92970512295,-1346172.5572563591,300.66175541207645,1427.029397610669,0.9212475885025758,166
320000,1279.9999999973795,-1676495.4864966571,332670.62093192176,-1343824.8655647354,302.0707180724786,1427.029397610669,0.9212475885025758,166
321000,1283.999999997285,-1674819.9104700368,331694.0353449564,-1343125.8751250803,301.18396134990576,1427.029397610669,0.9212475885025758,166
322000,1287.9999999971903,-1676482.0548630208,331932.8407440251,-1344549.2141189957,301.4008008116358,1427.029397610669,0.9212475885025758,166
323000,1291.9999999970958,-1678922.8177816905,330217.0900652107,-1348705.72771648,299.8428693113099,1427.029397610669,0.9212475885025758,166
324000,1295.9999999970012,-1679703.7954164948,332480.83398921957,-1347222.9614272753,301.89838822290477,1427.029397610669,0.9212475885025758,166
325000,1299.9999999969066,-1678430.856645994,332143.56491946965,-1346287.2917265242,301.59214203321244,1427.029397610669,0.9212475885025758,166
326000,1303.999999996812,-1677407.7075746246,333122.7852416307,-1344284.922332994,302.4812911412332,1427.029397610669,0.9212475885025758,166
327000,1307.9999999967174,-1677448.3272757046,331951.79464321426,-1345496.5326324904,301.4180112822277,1427.029397610669,0.9212475885025758,166
328000,1311.9999999966228,-1677293.7710441668,330615.32636605,-1346678.4446781168,300.2044748087238,1427.029397610669,0.9212475885025758,166
329000,1315.9999999965282,-1675868.097428592,331122.3606305818,-1344745.73679801,300.664870752151,1427.029397610669,0.9212475885025758,166
330000,1319.9999999964336,-1677866.0854390003,330302.2102977558,-1347563.8751412444,299.9201599650363,1427.029397610669,0.9212475885025758,166
331000,1323.999999996339,-1674983.5741673112,331125.12708702526,-1343858.447080286,300.66738274278623,1427.029397610669,0.9212475885025758,166
332000,1327.9999999962445,-1676551.9681125935,331013.8425424139,-1345538.1255701797,300.56633443798864,1427.029397610669,0.9212475885025758,166
333000,1331.9999999961499,-1676938.5932597574,331616.0846581282,-1345322.5086016292,301.11318076856537,1427.029397610669,0.9212475885025758,166
334000,1335.9999999960553,-1676322.8052146453,331372.02747211285,-1344950.7777425325,300.8915725928152,1427.029397610669,0.9212475885025758,166
335000,1339.9999999959607,-1675602.9127239883,331571.74690129334,-1344031.165822695,301.0729213131097,1427.029397610669,0.9212475885025758,166
336000,1343.9999999958661,-1677755.8837189116,331798.83997207886,-1345957.0437468328,301.27912577675994,1427.029397610669,0.9212475885025758,166
337000,1347.9999999957715,-1676327.0162170865,331752.6600255708,-1344574.3561915157,301.23719358099476,1427.029397610669,0.9212475885025758,166
338000,1351.999999995677,-1675590.1954131052,333736.2950601882,-1341853.900352917,303.03836874224606,1427.029397610669,0.9212475885025758,166
339000,1355.9999999955824,-1675829.4533332083,330336.7524514502,-1345492.7008817582,299.9515248422263,1427.029397610669,0.9212475885025758,166
340000,1359.9999999954878,-1675544.1186305173,331546.31616429606,-1343997.8024662212,301.0498297609782,1427.029397610669,0.9212475885025758,166
341000,1363.9999999953932,-1675066.7831083313,332293.43574040267,-1342773.3473679286,301.7282273489837,1427.029397610669,0.9212475885025758,166
342000,1367.9999999952986,-1674226.313098183,332071.81357386295,-1342154.49952432,301.5269905616777,1427.029397610669,0.9212475885025758,166
343000,1371.999999995204,-1673606.3236632533,331431.6509395539,-1342174.6727236994,300.94571173973907,1427.029397610669,0.9212475885025758,166
344000,1375.9999999951094,-1677761.020062657,332873.45727239054,-1344887.5627902665,302.2548970025115,1427.029397610669,0.9212475885025758,166
345000,1379.9999999950148,-1677941.5062976386,331458.49673159583,-1346483.0095660428,300.9700881864978,1427.029397610669,0.9212475885025758,166
346000,1383.9999999949202,-1677207.9230751023,331826.7292682323,-1345381.19380687,301.3044497434271,1427.029397610669,0.9212475885025758,166
347000,1387.9999999948257,-1675716.7325986065,332080.59996238584,-1343636.1326362207,301.5349687554928,1427.029397610669,0.9212475885025758,166
348000,1391.999999994731,-1675573.0497633535,332414.3601576787,-1343158.6896056747,301.8380288260626,1427.029397610669,0.9212475885025758,166
349000,1395.9999999946365,-1674625.9330126345,332798.05050162156,-1341827.882511013,302.1864263412613,1427.029397610669,0.9212475885025758,166
350000,1399.999999994542,-1674571.7169603668,332614.19434955873,-1341957.522610808,302.01948175288715,1427.029397610669,0.9212475885025758,165
351000,1403.9999999944473,-1675925.0100562815,332584.877958053,-1343340.1320982284,301.9928619587838,1427.029397610669,0.9212475885025758,165
352000,1407.9999999943527,-1674743.2995994668,331728.9424628397,-1343014.3571366272,301.215657620936,1427.029397610669,0.9212475885025758,165
353000,1411.9999999942581,-1675578.2314173635,333765.7524860704,-1341812.4789312931,303.0651165980196,1427.029397610669,0.9212475885025758,165
354000,1415.9999999941635,-1677046.4025896266,330994.75364185066,-1346051.6489477758,300.5490013837977,1427.029397610669,0.9212475885025758,165
355000,1419.999999994069,-1676321.903163474,331313.0709307129,-1345008.8322327612,300.8380390263528,1427.029397610669,0.9212475885025758,165
356000,1423.9999999939744,-1676256.7611734234,333681.9281836054,-1342574.832989818,302.98900267137776,1427.029397610669,0.9212475885025758,165
357000,1427.9999999938798,-1674590.9165971037,330992.99290120194,-1343597.9236959019,300.54740260062107,1427.029397610669,0.9212475885025758,165
358000,1431.9999999937852,-1677947.2133884802,330135.998818405,-1347811.2145700753,299.76923704680945,1427.029397610669,0.9212475885025758,165
359000,1435.9999999936906,-1678298.5789786093,331164.2185561284,-1347134.3604224809,300.70287847760466,1427.029397610669,0.9212475885025758,165
360000,1439.999999993596,-1677319.1599647868,332598.6157147123,-1344720.5442500745,302.0053360811068,1427.029397610669,0.9212475885025758,165
361000,1443.9999999935014,-1675032.493697442,331298.92197836126,-1343733.571719081,300.82519153117914,1427.029397610669,0.9212475885025758,165
362000,1447.9999999934068,-1678542.7809151616,330783.601128141,-1347759.1797870207,300.3572712236158,1427.029397610669,0.9212475885025758,165
363000,1451.9999999933123,-1676946.905765226,331290.1940439696,-1345656.7117212564,300.8172664147334,1427.029397610669,0.9212475885025758,165
364000,1455.9999999932177,-1677651.8723929767,331724.7625353531,-1345927.1098576235,301.21186217397457,1427.029397610669,0.9212475885025758,165
365000,1459.999999993123,-1676323.6581756957,331879.8811221603,-1344443.7770535355,301.3527125525622,1427.029397610669,0.9212475885025758,165
366000,1463.9999999930285,-1678288.6245528571,329966.5993510955,-1348322.0252017616,299.6154193799896,1427.029397610669,0.9212475885025758,165
367000,1467.999999992934,-1676815.236937698,331523.06286669616,-1345292.1740710018,301.0287153617448,1427.029397610669,0.9212475885025758,165
368000,1471.9999999928393,-1677264.3344019838,330590.318179374,-1346674.0162226097,300.18176693964364,1427.029397610669,0.9212475885025758,165
369000,1475.9999999927447,-1678185.9671434294,331373.74361938075,-1346812.2235240487,300.8931308844253,1427.029397610669,0.9212475885025758,165
370000,1479.9999999926501,-1676574.8409178443,331093.69936613785,-1345481.1415517065,300.6388458248304,1427.029397610669,0.9212475885025758,165
371000,1483.9999999925556,-1674645.1545426007,330938.28905758937,-1343706.8654850114,300.49773055782066,1427.029397610669,0.9212475885025758,165
372000,1487.999999992461,-1678011.2283127513,333342.14451372134,-1344669.08379903,302.6804731809657,1427.029397610669,0.9212475885025758,165
373000,1491.9999999923664,-1674656.8219276406,332593.1895390424,-1342063.6323885983,302.0004090190885,1427.029397610669,0.9212475885025758,165
374000,1495.9999999922718,-1674685.0360012352,330875.40696731524,-1343809.62903392,300.4406325246075,1427.029397610669,0.9212475885025758,165
375000,1499.9999999921772,-1676559.4461161885,329789.5613188513,-1346769.8847973372,299.4546657631648,1427.029397610669,0.9212475885025758,165
376000,1503.9999999920826,-1676487.632677842,331744.60547870246,-1344743.0271991394,301.2298799121488,1427.029397610669,0.9212475885025758,165
377000,1507.999999991988,-1677976.4940165002,332150.86685608234,-1345825.6271604178,301.5987723188377,1427.029397610669,0.9212475885025758,165
378000,1511.9999999918934,-1675968.1489637382,331446.1432788829,-1344522.0056848554,300.95887103626904,1427.029397610669,0.9212475885025758,165
379000,1515.9999999917989,-1677831.3078993168,332569.5445894606,-1345261.7633098562,301.9789389930341,1427.029397610669,0.9212475885025758,165
380000,1519.9999999917043,-1676027.262204377,331731.4166768027,-1344295.8455275744,301.21790425030883,1427.029397610669,0.9212475885025758,165
381000,1523.9999999916097,-1675514.6719846819,331849.23933130276,-1343665.4326533792,301.3248892727624,1427.029397610669,0.9212475885025758,165
382000,1527.999999991515,-1678161.6868660059,332229.30086378,-1345932.3860022258,301.6699917639458,1427.029397610669,0.9212475885025758,165
383000,1531.9999999914205,-1678142.3575003613,330446.8675281833,-1347695.489972178,300.05151124982126,1427.029397610669,0.9212475885025758,165
384000,1535.999999991326,-1675595.76581222,331094.23824948544,-1344501.5275627347,300.63933514029594,1427.029397610669,0.9212475885025758,165
385000,1539.9999999912313,-1676514.5501562785,330490.8193048016,-1346023.730851477,300.09142022851756,1427.029397610669,0.9212475885025758,165
386000,1543.9999999911367,-1676207.8442397043,331663.94575883634,-1344543.898480868,301.15663948162563,1427.029397610669,0.9212475885025758,165
387000,1547.9999999910422,-1679028.1949807163,331770.0492721524,-1347258.145708564,301.2529833197668,1427.029397610669,0.9212475885025758,165
388000,1551.9999999909476,-1674993.6752544995,332434.3095500824,-1342559.3657044172,301.8561432218322,1427.029397610669,0.9212475885025758,165
389000,1555.999999990853,-1678476.435124563,331518.52611998754,-1346957.9090045756,301.02459591671493,1427.029397610669,0.9212475885025758,165
390000,1559.9999999907584,-1677414.891902279,333111.76440534886,-1344303.1274969303,302.47128402993474,1427.029397610669,0.9212475885025758,165
391000,1563.9999999906638,-1675757.4053939227,331230.75116341416,-1344526.6542305085,300.763291243847,1427.029397610669,0.9212475885025758,165
392000,1567.9999999905692,-1676736.0361592695,332794.8618564126,-1343941.174302857,302.1835309958736,1427.029397610669,0.9212475885025758,165
393000,1571.9999999904746,-1676606.2498663124,330720.95724751346,-1345885.292618799,300.30038948891075,1427.029397610669,0.9212475885025758,165
394000,1575.99999999038,-1676133.8923917376,330870.9264085515,-1345262.965983186,300.4365640992103,1427.029397610669,0.9212475885025758,165
395000,1579.9999999902855,-1675737.3687338866,330908.37742096244,-1344828.9913129243,300.47057027077966,1427.029397610669,0.9212475885025758,165
396000,1583.9999999901909,-1674994.8574084844,330003.45970664854,-1344991.397701836,299.6488892248443,1427.029397610669,0.9212475885025758,165
397000,1587.9999999900963,-1676608.9651784264,332568.82481967594,-1344040.1403587505,301.97828542953306,1427.029397610669,0.9212475885025758,165
398000,1591.9999999900017,-1677190.0842817184,330566.15377448435,-1346623.930507234,300.1598252391221,1427.029397610669,0.9212475885025758,165
399000,1595.999999989907,-1675814.031113362,330943.1621807875,-1344870.8689325745,300.5021554385618,1427.029397610669,0.9212475885025758,165
400000,1599.9999999898125,-1675743.2298942562,330659.6199877168,-1345083.6099065393,300.2446941886781,1427.029397610669,0.9212475885025758,164
401000,1603.999999989718,-1676733.853084268,330872.3872375885,-1345861.4658466796,300.43789055741973,1427.029397610669,0.9212475885025758,164
402000,1607.9999999896233,-1677089.87845584,329104.7597747232,-1347985.118681117,298.83285403361555,1427.029397610669,0.9212475885025758,164
403000,1611.9999999895288,-1675423.7389804982,330316.7833424639,-1345106.9556380343,299.93339254345625,1427.029397610669,0.9212475885025758,164
404000,1615.9999999894342,-1677101.812631216,331673.17056938057,-1345428.6420618354,301.1650157702722,1427.029397610669,0.9212475885025758,164
405000,1619.9999999893396,-1674329.9821924977,332318.2463393095,-1342011.7358531882,301.7507558049279,1427.029397610669,0.9212475885025758,164
406000,1623.999999989245,-1674875.6124701425,331702.91820116865,-1343172.694268974,301.19202713806305,1427.029397610669,0.9212475885025758,164
407000,1627.9999999891504,-1673648.1185859162,331806.09334204154,-1341842.0252438746,301.28571196302113,1427.029397610669,0.9212475885025758,164
408000,1631.9999999890558,-1677249.5110196732,332361.3481590024,-1344888.1628606708,301.7898930079319,1427.029397610669,0.9212475885025758,164
409000,1635.9999999889612,-1674476.558888508,331282.1073847022,-1343194.4515038058,300.8099235872698,1427.029397610669,0.9212475885025758,164
410000,1639.9999999888666,-1675932.7477729283,330256.8950350706,-1345675.8527378577,299.8790129172429,1427.029397610669,0.9212475885025758,164
411000,1643.999999988772,-1678177.5739157125,331935.06327358965,-1346242.510642123,301.40281890719115,1427.029397610669,0.9212475885025758,164
412000,1647.9999999886775,-1678451.9543790128,332276.83765889675,-1346175.116720116,301.71315600188046,1427.029397610669,0.9212475885025758,164
413000,1651.9999999885829,-1677007.0278651565,331828.87636423216,-1345178.1515009245,301.30639934399176,1427.029397610669,0.9212475885025758,164
414000,1655.9999999884883,-1677990.679890884,329397.43584549223,-1348593.244045392,299.0986090035379,1427.029397610669,0.9212475885025758,164
415000,1659.9999999883937,-1679925.1880259719,330666.4613201229,-1349258.726705849,300.25090623766124,1427.029397610669,0.9212475885025758,164
416000,1663.9999999882991,-1677230.207023926,331707.30136656074,-1345522.9056573655,301.1960071285825,1427.029397610669,0.9212475885025758,164
417000,1667.9999999882045,-1675967.8897433002,330253.69420861383,-1345714.1955346863,299.87610651107,1427.029397610669,0.9212475885025758,164
418000,1671.99999998811,-1677199.1019794866,332335.19812789955,-1344863.903851587,301.7661483242242,1427.029397610669,0.9212475885025758,164
419000,1675.9999999880154,-1678095.8664786406,332229.3836295459,-1345866.4828490946,301.6700669167028,1427.029397610669,0.9212475885025758,164
420000,1679.9999999879208,-1676926.2611532751,331701.28306660446,-1345224.9780866706,301.1905424073989,1427.029397610669,0.9212475885025758,164
421000,1683.9999999878262,-1678361.5884221345,331758.15185188025,-1346603.4365702542,301.2421802549372,1427.029397610669,0.9212475885025758,164
422000,1687.9999999877316,-1677508.5281491987,332313.5820041087,-1345194.94614509,301.7465205073249,1427.029397610669,0.9212475885025758,164
423000,1691.999999987637,-1676421.4036320262,331719.4247072786,-1344701.9789247476,301.2070153331117,1427.029397610669,0.9212475885025758,164
424000,1695.9999999875424,-1675382.2300087437,332082.17709968076,-1343300.052909063,301.5364008236262,1427.029397610669,0.9212475885025758,164
425000,1699.9999999874478,-1677660.0264807437,333068.0570931884,-1344591.9693875553,302.4315970292241,1427.029397610669,0.9212475885025758,164
426000,1703.9999999873532,-1677937.648379093,331015.6548722399,-1346921.993506853,300.56798006503675,1427.029397610669,0.9212475885025758,164
427000,1707.9999999872587,-1674764.233534485,331997.99497910426,-1342766.2385553808,301.4599619919068,1427.029397610669,0.9212475885025758,164
428000,1711.999999987164,-1678264.0454506911,331259.85482116416,-1347004.190629527,300.7897178719948,1427.029397610669,0.9212475885025758,164
429000,1715.9999999870695,-1677679.3632490821,332916.4310613261,-1344762.932187756,302.2939179513578,1427.029397610669,0.9212475885025758,164
430000,1719.999999986975,-1677051.2454687972,329256.39793478197,-1347794.8475340153,298.97054412409545,1427.029397610669,0.9212475885025758,164
431000,1723.9999999868803,-1675332.674252782,333390.82995452353,-1341941.8442982584,302.7246804091892,1427.029397610669,0.9212475885025758,164
432000,1727.9999999867857,-1679549.8183708992,333114.8999872158,-1346434.9183836833,302.4741311928837,1427.029397610669,0.9212475885025758,164
433000,1731.9999999866911,-1678557.6448797658,330217.32691145665,-1348340.3179683092,299.8430843718265,1427.029397610669,0.9212475885025758,164
434000,1735.9999999865965,-1677733.40299063,331511.14250197983,-1346222.26048865,301.01789146296034,1427.029397610669,0.9212475885025758,164
435000,1739.999999986502,-1676964.134695366,332035.14693247154,-1344928.9877628945,301.49369661265575,1427.029397610669,0.9212475885025758,164
436000,1743.9999999864074,-1678478.6309201103,330186.87097586785,-1348291.7599442424,299.81542985184785,1427.029397610669,0.9212475885025758,164
437000,1747.9999999863128,-1679477.2741855998,331845.9887814198,-1347631.28540418,301.32193771685246,1427.029397610669,0.9212475885025758,164
438000,1751.9999999862182,-1676780.9607592318,332354.701080462,-1344426.2596787699,301.7838573448422,1427.029397610669,0.9212475885025758,164
439000,1755.9999999861236,-1678710.5242714006,328846.9922054978,-1349863.5320659028,298.598796591111,1427.029397610669,0.9212475885025758,164
440000,1759.999999986029,-1676870.2470600996,330163.67531070893,-1346706.5717493906,299.79436778387475,1427.029397610669,0.9212475885025758,164
441000,1763.9999999859344,-1678873.2240214031,331227.7420511697,-1347645.4819702334,300.76055891751804,1427.029397610669,0.9212475885025758,164
442000,1767.9999999858398,-1679026.5373775214,331174.64214167127,-1347851.89523585,300.71234327482966,1427.029397610669,0.9212475885025758,164
443000,1771.9999999857453,-1675998.9512629453,331139.9885768177,-1344858.9626861275,300.6808772343667,1427.029397610669,0.9212475885025758,164
444000,1775.9999999856507,-1675636.404312769,330754.0624407781,-1344882.3418719908,300.33044958100237,1427.029397610669,0.9212475885025758,164
445000,1779.999999985556,-1679370.1067205314,330532.749863199,-1348837.3568573324,300.1294939058649,1427.029397610669,0.9212475885025758,164
446000,1783.9999999854615,-1678028.756671995,331737.6278225096,-1346291.1288494854,301.22354407879294,1427.029397610669,0.9212475885025758,164
447000,1787.999999985367,-1676134.2564417738,332164.42856753926,-1343969.8278742346,301.6110865890507,1427.029397610669,0.9212475885025758,164
448000,1791.9999999852723,-1678469.3441248797,330427.79453445174,-1348041.549590428,300.0341926393105,1427.029397610669,0.9212475885025758,164
449000,1795.9999999851777,-1679240.6889197193,330403.3731446508,-1348837.3157750685,300.0120175920135,1427.029397610669,0.9212475885025758,164
450000,1799.9999999850832,-1679095.2707036939,333247.3071692264,-1345847.9635344674,302.59435922034174,1427.029397610669,0.9212475885025758,164
451000,1803.9999999849886,-1677016.367996879,331626.94424203614,-1345389.4237548427,301.1230414598998,1427.029397610669,0.9212475885025758,164
452000,1807.999999984894,-1678786.9145351145,333020.69710676826,-1345766.2174283462,302.3885933366655,1427.029397610669,0.9212475885025758,164
453000,1811.9999999847994,-1677671.061926242,331156.4251975251,-1346514.6367287168,300.69580197225264,1427.029397610669,0.9212475885025758,164
454000,1815.9999999847048,-1675800.0342740621,329994.1565660981,-1345805.877707964,299.6404418111877,1427.029397610669,0.9212475885025758,164
455000,1819.9999999846102,-1677851.7695729956,332209.3556324372,-1345642.4139405584,301.6518811464919,1427.029397610669,0.9212475885025758,164
456000,1823.9999999845156,-1676155.4365448859,330780.59884047596,-1345374.8377044098,300.3545450941238,1427.029397610669,0.9212475885025758,164
457000,1827.999999984421,-1677160.5428589545,330933.88823718915,-1346226.6546217655,300.4937345362463,1427.029397610669,0.9212475885025758,164
458000,1831.9999999843265,-1676314.539444035,332376.5837157969,-1343937.955728238,301.80372715886546,1427.029397610669,0.9212475885025758,164
459000,1835.9999999842319,-1676475.5012619179,329598.0212419532,-1346877.4800199647,299.280744037206,1427.029397610669,0.9212475885025758,164
460000,1839.9999999841373,-1676901.2328634001,330634.9641327432,-1346266.268730657,300.2223062429206,1427.029397610669,0.9212475885025758,164
461000,1843.9999999840427,-1677816.6563831046,333365.52047980763,-1344451.135903297,302.7016989653212,1427.029397610669,0.9212475885025758,164
462000,1847.999999983948,-1675653.0879207607,332987.99754397006,-1342665.0903767906,302.3589015641025,1427.029397610669,0.9212475885025758,164
463000,1851.9999999838535,-1677519.2754088342,331454.9540340564,-1346064.3213747777,300.96687135542726,1427.029397610669,0.9212475885025758,164
464000,1855.999999983759,-1679792.2027918939,330770.4700440868,-1349021.7327478072,300.3453479705849,1427.029397610669,0.9212475885025758,164
465000,1859.9999999836643,-1677242.8072276227,330347.835835278,-1346894.9713923447,299.9615887477859,1427.029397610669,0.9212475885025758,164
466000,1863.9999999835698,-1676964.4797145948,331843.56857144175,-1345120.911143153,301.31974012403856,1427.029397610669,0.9212475885025758,164
467000,1867.9999999834752,-1676971.544507943,333124.60974067694,-1343846.9347672663,302.4829478181453,1427.029397610669,0.9212475885025758,164
468000,1871.9999999833806,-1678770.214253474,332867.9031018198,-1345902.3111516542,302.24985371889386,1427.029397610669,0.9212475885025758,164
469000,1875.999999983286,-1676459.616327988,333081.3614985238,-1343378.2548294642,302.4436776609972,1427.029397610669,0.9212475885025758,164
470000,1879.9999999831914,-1676263.1972303335,332089.2788950646,-1344173.9183352687,301.54284937752976,1427.029397610669,0.9212475885025758,163
471000,1883.9999999830968,-1678390.634786021,333480.36011635687,-1344910.274669664,302.8059753555189,1427.029397610669,0.9212475885025758,163
472000,1887.9999999830022,-1678512.4099305123,331747.81314224476,-1346764.5967882676,301.23279252651446,1427.029397610669,0.9212475885025758,163
473000,1891.9999999829076,-1677284.485430399,330919.8421887377,-1346364.6432416611,300.4809804796064,1427.029397610669,0.9212475885025758,163
474000,1895.999999982813,-1677099.363150239,331796.8132047743,-1345302.5499454648,301.2772854367463,1427.029397610669,0.9212475885025758,163
475000,1899.9999999827185,-1678246.6913927905,330302.66753519955,-1347944.023857591,299.9205751445991,1427.029397610669,0.9212475885025758,163
476000,1903.9999999826239,-1679093.1109364107,333385.8959471193,-1345707.2149892915,302.72020024452837,1427.029397610669,0.9212475885025758,163
477000,1907.9999999825293,-1677239.5560464337,333174.1101662002,-1344065.4458802335,302.52789506669046,1427.029397610669,0.9212475885025758,163
478000,1911.9999999824347,-1674827.631211577,332805.78372360225,-1342021.8474879747,302.19344824151256,1427.029397610669,0.9212475885025758,163
479000,1915.9999999823401,-1676111.304305451,332663.4272657511,-1343447.8770396998,302.0641860983005,1427.029397610669,0.9212475885025758,163
480000,1919.9999999822455,-1678914.5819832906,331361.517989935,-1347553.0639933557,300.8820297999495,1427.029397610669,0.9212475885025758,163
481000,1923.999999982151,-1679921.7313543316,328682.4839992829,-1351239.2473550488,298.4494202745582,1427.029397610669,0.9212475885025758,163
482000,1927.9999999820564,-1677542.9823383093,331025.31316776754,-1346517.6691705417,300.57674996559854,1427.029397610669,0.9212475885025758,163
483000,1931.9999999819618,-1676823.798176147,332366.3273695503,-1344457.4708065968,301.7944142178344,1427.029397610669,0.9212475885025758,163
484000,1935.9999999818672,-1678613.1385166869,331493.04754639347,-1347120.0909702934,301.0014609281203,1427.029397610669,0.9212475885025758,163
485000,1939.9999999817726,-1674559.5651417077,330427.69452863355,-1344131.8706130742,300.0341018322858,1427.029397610669,0.9212475885025758,163
486000,1943.999999981678,-1677285.623367438,332496.32889868715,-1344789.294468751,301.9124578705828,1427.029397610669,0.9212475885025758,163
487000,1947.9999999815834,-1679532.5645105094,330964.3633985889,-1348568.2011119204,300.52140651359616,1427.029397610669,0.9212475885025758,163
488000,1951.9999999814888,-1676417.38021205,332349.9262682053,-1344067.4539438447,301.7795217321481,1427.029397610669,0.9212475885025758,163
489000,1955.9999999813942,-1677221.3387194127,331362.9657902838,-1345858.3729291288,300.88334442788323,1427.029397610669,0.9212475885025758,163
490000,1959.9999999812997,-1676314.6652615312,330474.3568624647,-1345840.3083990666,300.07647204414224,1427.029397610669,0.9212475885025758,163
491000,1963.999999981205,-1677088.3962450568,330621.7484734985,-1346466.6477715583,300.2103061941436,1427.029397610669,0.9212475885025758,163
492000,1967.9999999811105,-1673975.590867281,332975.5396979297,-1341000.0511693512,302.3475896229142,1427.029397610669,0.9212475885025758,163
493000,1971.999999981016,-1674803.1796342544,331185.32539340144,-1343617.8542408529,300.7220438534754,1427.029397610669,0.9212475885025758,163
494000,1975.9999999809213,-1674378.3237265535,332293.85573173943,-1342084.467994814,301.72860870843266,1427.029397610669,0.9212475885025758,163
495000,1979.9999999808267,-1677911.0962673947,330174.4787953069,-1347736.617472088,299.8041775360586,1427.029397610669,0.9212475885025758,163
496000,1983.9999999807321,-1677830.2033530995,330520.6179202386,-1347309.585432861,300.11847789034954,1427.029397610669,0.9212475885025758,163
497000,1987.9999999806375,-1675277.9405600708,330484.9889022815,-1344792.9516577893,300.0861261214787,1427.029397610669,0.9212475885025758,163
498000,1991.999999980543,-1674552.481206337,331292.27140331775,-1343260.2098030192,300.8191526932037,1427.029397610669,0.9212475885025758,163
499000,1995.9999999804484,-1675590.668430211,331789.7078126787,-1343800.9606175323,301.2708336169659,1427.029397610669,0.9212475885025758,163
500000,1999.9999999803538,-1676133.1376697794,330988.6078337055,-1345144.529836074,300.5434208829577,1427.029397610669,0.9212475885025758,163
501000,2003.9999999802592,-1676183.2749819718,331112.6628503087,-1345070.6121316631,300.65606499875264,1427.029397610669,0.9212475885025758,163
502000,2007.9999999801646,-1675174.0677564014,332231.84889713547,-1342942.218859266,301.67230542261274,1427.029397610669,0.9212475885025758,163
503000,2011.99999998007,-1676260.918858666,331467.29297855985,-1344793.6258801061,300.97807533194907,1427.029397610669,0.9212475885025758,163
504000,2015.9999999799754,-1678220.3537467998,330875.6183541528,-1347344.7353926469,300.44082446753777,1427.029397610669,0.9212475885025758,163
505000,2019.9999999798808,-1676754.7489312682,331655.7597484777,-1345098.9891827905,301.14920644164073,1427.029397610669,0.9212475885025758,163
506000,2023.9999999797863,-1676570.8989388086,332669.65762672294,-1343901.2413120857,302.0698433745798,1427.029397610669,0.9212475885025758,163
507000,2027.9999999796917,-1677559.8792869449,331679.7776079496,-1345880.1016789952,301.17101507637057,1427.029397610669,0.9212475885025758,163
508000,2031.999999979597,-1674366.704199968,331431.5829152774,-1342935.1212846905,300.94564997251115,1427.029397610669,0.9212475885025758,163
509000,2035.9999999795025,-1676308.0800717864,330846.40271486755,-1345461.6773569188,300.41429615820556,1427.029397610669,0.9212475885025758,163
510000,2039.999999979408,-1676173.2352815084,332051.398328449,-1344121.8369530593,301.5084531632608,1427.029397610669,0.9212475885025758,163
511000,2043.9999999793133,-1677110.340832306,331904.2022685631,-1345206.1385637429,301.37479657710776,1427.029397610669,0.9212475885025758,163
512000,2047.9999999792187,-1675165.922832314,332076.14348556893,-1343089.779346745,301.5309221969227,1427.029397610669,0.9212475885025758,163
513000,2051.9999999791244,-1675631.690509662,332013.2870332176,-1343618.4034764445,301.47384744338996,1427.029397610669,0.9212475885025758,163
514000,2055.99999997903,-1674252.2985627335,331267.40123796405,-1342984.8973247693,300.7965701498882,1427.029397610669,0.9212475885025758,163
515000,2059.999999978935,-1674468.022771068,331969.44788485026,-1342498.5748862177,301.4340407331073,1427.029397610669,0.9212475885025758,163
516000,2063.9999999788406,-1674726.821901761,330580.2532719089,-1344146.568629852,300.1726278283606,1427.029397610669,0.9212475885025758,163
517000,2067.999999978746,-1676264.8776285034,332198.75706492335,-1344066.12056358,301.64225746258955,1427.029397610669,0.9212475885025758,163
518000,2071.9999999786514,-1677288.6526214927,331389.43179137656,-1345899.2208301162,300.90737601784514,1427.029397610669,0.9212475885025758,163
519000,2075.999999978557,-1677234.9099077675,331943.5424571846,-1345291.367450583,301.41051815358094,1427.029397610669,0.9212475885025758,163
520000,2079.9999999784623,-1676997.1386596374,331415.06932790997,-1345582.0693317275,300.9306553475574,1427.029397610669,0.9212475885025758,163
521000,2083.9999999783677,-1680022.712252628,330731.8290297181,-1349290.8832229099,300.31026125651107,1427.029397610669,0.9212475885025758,163
522000,2087.999999978273,-1677357.2020218745,331314.0991707635,-1346043.102851111,300.838972686228,1427.029397610669,0.9212475885025758,163
523000,2091.9999999781785,-1677909.7704433799,332037.9697730649,-1345871.800670315,301.4962598010811,1427.029397610669,0.9212475885025758,163
524000,2095.999999978084,-1675179.4390130937,329641.70646291977,-1345537.732550174,299.3204109787278,1427.029397610669,0.9212475885025758,163
525000,2099.9999999779893,-1676668.5587716848,331391.71965676645,-1345276.8391149184,300.9094534394678,1427.029397610669,0.9212475885025758,163
526000,2103.9999999778947,-1675598.524249388,331645.1447822568,-1343953.379467131,301.13956786742676,1427.029397610669,0.9212475885025758,163
527000,2107.9999999778,-1675652.3839465808,330829.77913233766,-1344822.604814243,300.39920165572835,1427.029397610669,0.9212475885025758,162
528000,2111.9999999777056,-1675175.9293476827,330619.30683161586,-1344556.6225160668,300.208089140787,1427.029397610669,0.9212475885025758,162
529000,2115.999999977611,-1677891.5391783826,331055.1850684911,-1346836.3541098915,300.6038741717472,1427.029397610669,0.9212475885025758,162
530000,2119.9999999775164,-1676594.7220488023,331146.2631183934,-1345448.4589304088,300.6865746274038,1427.029397610669,0.9212475885025758,162
531000,2123.999999977422,-1676137.1384007186,332024.55438851926,-1344112.5840121992,301.4840783982522,1427.029397610669,0.9212475885025758,162
532000,2127.999999977327,-1676739.878720384,330773.0861917328,-1345966.7925286512,300.347723478214,1427.029397610669,0.9212475885025758,162
533000,2131.9999999772326,-1676556.2947957534,331581.4230875764,-1344974.871708177,301.08170745878897,1427.029397610669,0.9212475885025758,162
534000,2135.999999977138,-1677948.6176664643,332914.470341804,-1345034.1473246603,302.292137583881,1427.029397610669,0.9212475885025758,162
535000,2139.9999999770434,-1678295.5577141736,331317.79376987374,-1346977.7639443,300.84232744657055,1427.029397610669,0.9212475885025758,162
536000,2143.999999976949,-1677508.7650474533,331537.1662990355,-1345971.5987484178,301.04152152395443,1427.029397610669,0.9212475885025758,162
537000,2147.9999999768543,-1676998.5826187357,331222.0238253884,-1345776.5587933473,300.7553666689118,1427.029397610669,0.9212475885025758,162
538000,2151.9999999767597,-1676490.4236177485,331368.5408353959,-1345121.8827823526,300.88840666594797,1427.029397610669,0.9212475885025758,162
539000,2155.999999976665,-1678701.5576690305,331265.8817710896,-1347435.675897941,300.79519044750106,1427.029397610669,0.9212475885025758,162
540000,2159.9999999765705,-1676568.1553068645,331620.49097678787,-1344947.6643300767,301.1171817826551,1427.029397610669,0.9212475885025758,162
541000,2163.999999976476,-1675425.23166986,331007.849068651,-1344417.382601209,300.560892259421,1427.029397610669,0.9212475885025758,162
542000,2167.9999999763813,-1676298.9120786395,332324.42289577343,-1343974.4891828662,301.7563642257769,1427.029397610669,0.9212475885025758,162
543000,2171.9999999762867,-1677326.344007969,331534.47927552083,-1345791.864732448,301.0390816598021,1427.029397610669,0.9212475885025758,162
544000,2175.999999976192,-1676526.7813073602,330750.86892512115,-1345775.912382239,300.327549813163,1427.029397610669,0.9212475885025758,162
545000,2179.9999999760976,-1675528.3293681033,332082.4975621744,-1343445.8318059288,301.5366918091521,1427.029397610669,0.9212475885025758,162
546000,2183.999999976003,-1678109.278514674,333082.6188756592,-1345026.6596390149,302.4448193813364,1427.029397610669,0.9212475885025758,162
547000,2187.9999999759084,-1674143.690864632,332605.5307344952,-1341538.1601301366,302.0116150395115,1427.029397610669,0.9212475885025758,162
548000,2191.999999975814,-1676752.0124881975,330089.3118329779,-1346662.7006552196,299.7268444508745,1427.029397610669,0.9212475885025758,162
549000,2195.999999975719,-1676810.8543628138,331445.37806627754,-1345365.4762965362,300.9581762098953,1427.029397610669,0.9212475885025758,162
550000,2199.9999999756246,-1676109.1034225319,331807.2540143173,-1344301.8494082144,301.28676587366346,1427.029397610669,0.9212475885025758,162
551000,2203.99999997553,-1676170.3153117187,332200.27367711545,-1343970.0416346034,301.64363457287544,1427.029397610669,0.9212475885025758,162
552000,2207.9999999754355,-1674013.1251382641,331719.2288628048,-1342293.8962754593,301.20683750291846,1427.029397610669,0.9212475885025758,162
553000,2211.999999975341,-1675423.6272891443,330722.3058541904,-1344701.321434954,300.30161404726266,1427.029397610669,0.9212475885025758,162
554000,2215.9999999752463,-1675748.2976412326,332185.47896725906,-1343562.8186739734,301.63020071864,1427.029397610669,0.9212475885025758,162
555000,2219.9999999751517,-1677333.1919653993,331048.3122399606,-1346284.8797254388,300.5976335237345,1427.029397610669,0.9212475885025758,162
556000,2223.999999975057,-1677988.922454236,331274.43027863244,-1346714.4921756038,300.80295264124294,1427.029397610669,0.9212475885025758,162
557000,2227.9999999749625,-1674924.112759512,331381.4734361138,-1343542.639323398,300.90014969265246,1427.029397610669,0.9212475885025758,162
558000,2231.999999974868,-1676606.889468778,332383.96404659207,-1344222.9254221858,301.81042862777383,1427.029397610669,0.9212475885025758,162
559000,2235.9999999747733,-1674024.2282495983,331704.4749878626,-1342319.7532617357,301.1934407274963,1427.029397610669,0.9212475885025758,162
560000,2239.9999999746788,-1676429.2332032435,331266.75290608685,-1345162.4802971566,300.7959814532515,1427.029397610669,0.9212475885025758,162
561000,2243.999999974584,-1673047.9010991417,330448.57497408974,-1342599.3261250518,300.0530616404437,1427.029397610669,0.9212475885025758,162
562000,2247.9999999744896,-1676086.1762316283,330778.2903379674,-1345307.8858936608,300.3524489336379,1427.029397610669,0.9212475885025758,162
563000,2251.999999974395,-1675781.2249837406,331606.90612006525,-1344174.3188636755,301.1048464961377,1427.029397610669,0.9212475885025758,162
564000,2255.9999999743004,-1676470.0429117214,332206.8917633933,-1344263.151148328,301.6496439104858,1427.029397610669,0.9212475885025758,162
565000,2259.999999974206,-1676476.0862541925,333545.2721512178,-1342930.8141029747,302.8649166137733,1427.029397610669,0.9212475885025758,162
566000,2263.9999999741112,-1673929.5017736703,330125.53037711955,-1343803.9713965508,299.75973151978894,1427.029397610669,0.9212475885025758,162
567000,2267.9999999740166,-1676006.6402276363,330181.2178745576,-1345825.4223530786,299.8102967373956,1427.029397610669,0.9212475885025758,162
568000,2271.999999973922,-1675782.6596016586,331534.56482065644,-1344248.094781002,301.0391593362752,1427.029397610669,0.9212475885025758,162
569000,2275.9999999738275,-1676619.1196255963,330297.6524993124,-1346321.4671262838,299.9160214046646,1427.029397610669,0.9212475885025758,162
570000,2279.999999973733,-1675753.6789726429,331755.22605379875,-1343998.452918844,301.2395235793193,1427.029397610669,0.9212475885025758,162
571000,2283.9999999736383,-1677689.1519419067,330232.450021721,-1347456.7019201857,299.85681641935224,1427.029397610669,0.9212475885025758,162
572000,2287.9999999735437,-1675051.1023411397,332051.7311184234,-1342999.3712227163,301.5087553423539,1427.029397610669,0.9212475885025758,162
573000,2291.999999973449,-1678206.016920954,333278.9266292237,-1344927.0902917304,302.6230702407489,1427.029397610669,0.9212475885025758,162
574000,2295.9999999733545,-1680083.6102726422,331377.47771573684,-1348706.1325569055,300.896521508955,1427.029397610669,0.9212475885025758,162
575000,2299.99999997326,-1678170.6770906541,333049.6822486003,-1345120.9948420539,302.4149123502956,1427.029397610669,0.9212475885025758,162
576000,2303.9999999731654,-1676530.9122550376,332889.2528420087,-1343641.659413029,302.2692396548429,1427.029397610669,0.9212475885025758,162
577000,2307.9999999730708,-1677459.2463395577,330588.2914347375,-1346870.9549048203,300.1799266202131,1427.029397610669,0.9212475885025758,162
578000,2311.999999972976,-1676518.888824707,332399.7423957187,-1344119.1464289883,301.8247556435991,1427.029397610669,0.9212475885025758,162
579000,2315.9999999728816,-1677545.9653894752,333033.3576306408,-1344512.6077588345,302.4000893128555,1427.029397610669,0.9212475885025758,162
580000,2319.999999972787,-1679437.512173539,332645.408795076,-1346792.103378463,302.0478250130921,1427.029397610669,0.9212475885025758,162
581000,2323.9999999726924,-1675323.4245535154,332849.59062628343,-1342473.8339272318,302.2332256721506,1427.029397610669,0.9212475885025758,162
582000,2327.999999972598,-1675992.4147306029,332621.01743753336,-1343371.3972930694,302.02567723560867,1427.029397610669,0.9212475885025758,162
583000,2331.9999999725032,-1677486.4152201526,332023.38498130476,-1345463.0302388477,301.4830165561334,1427.029397610669,0.9212475885025758,162
584000,2335.9999999724087,-1674827.6891231611,332471.31801847054,-1342356.3711046907,301.88974755572093,1427.029397610669,0.9212475885025758,162
585000,2339.999999972314,-1678672.0978947785,330397.93031008384,-1348274.1675846947,300.00707540342654,1427.029397610669,0.9212475885025758,162
586000,2343.9999999722195,-1677115.614221856,331009.04908703564,-1346106.5651348203,300.56198189701547,1427.029397610669,0.9212475885025758,161
587000,2347.999999972125,-1677545.8844263684,331907.2653173327,-1345638.6191090357,301.37757787874096,1427.029397610669,0.9212475885025758,161
588000,2351.9999999720303,-1677270.7024027128,330859.80656875455,-1346410.8958339582,300.4264670909956,1427.029397610669,0.9212475885025758,161
589000,2355.9999999719357,-1676704.7769271638,331126.17564733326,-1345578.6012798306,300.6683348538091,1427.029397610669,0.9212475885025758,161
590000,2359.999999971841,-1676792.7404315826,329936.42056036205,-1346856.3198712205,299.5880165123667,1427.029397610669,0.9212475885025758,161
591000,2363.9999999717465,-1677659.6978031434,331727.73637813196,-1345931.9614250115,301.2145624750145,1427.029397610669,0.9212475885025758,161
592000,2367.999999971652,-1676057.899615232,332750.8361506177,-1343307.063464614,302.1435548881973,1427.029397610669,0.9212475885025758,161
593000,2371.9999999715574,-1678233.3546628747,330555.18908313,-1347678.1655797446,300.14986910839565,1427.029397610669,0.9212475885025758,161
594000,2375.999999971463,-1676928.766299514,331381.1723353696,-1345547.5939641446,300.89987628793233,1427.029397610669,0.9212475885025758,161
595000,2379.999999971368,-1677562.1702358946,331805.7225162107,-1345756.4477196839,301.2853752467078,1427.029397610669,0.9212475885025758,161
596000,2383.9999999712736,-1678479.7809091993,329291.49895321904,-1349188.2819559802,299.0024164602058,1427.029397610669,0.9212475885025758,161
597000,2387.999999971179,-1676044.041238211,331542.8749483505,-1344501.1662898606,301.0467050769624,1427.029397610669,0.9212475885025758,161
598000,2391.9999999710844,-1677496.714333862,330806.6939682563,-1346690.0203656058,300.3782399246583,1427.029397610669,0.9212475885025758,161
599000,2395.99999997099,-1678755.9266913943,329829.8523506046,-1348926.0743407896,299.4912507217629,1427.029397610669,0.9212475885025758,161
600000,2399.9999999708953,-1678372.7627487574,330416.2315963213,-1347956.531152436,300.02369329009144,1427.029397610669,0.9212475885025758,161
601000,2403.9999999708007,-1675565.0831211898,330864.84073150286,-1344700.2423896869,300.4310381984532,1427.029397610669,0.9212475885025758,161
602000,2407.999999970706,-1679197.6159320008,330620.03885692137,-1348577.5770750795,300.20875383251445,1427.029397610669,0.9212475885025758,161
603000,2411.9999999706115,-1678331.9984580353,332822.1382246786,-1345509.8602333567,302.20829841334324,1427.029397610669,0.9212475885025758,161
604000,2415.999999970517,-1678150.6365019083,330188.4507840004,-1347962.185717908,299.81686434514836,1427.029397610669,0.9212475885025758,161
605000,2419.9999999704223,-1677397.3376515582,332032.7322704447,-1345364.6053811135,301.49150405747815,1427.029397610669,0.9212475885025758,161
606000,2423.9999999703277,-1679070.723700812,331747.4171544472,-1347323.306546365,301.2324329626972,1427.029397610669,0.9212475885025758,161
607000,2427.999999970233,-1678323.3251016699,331935.8359978182,-1346387.4891038516,301.40352055424955,1427.029397610669,0.9212475885025758,161
608000,2431.9999999701386,-1676619.0070283227,330104.27196334826,-1346514.7350649745,299.7404285098178,1427.029397610669,0.9212475885025758,161
609000,2435.999999970044,-1676732.275804432,330510.2717153239,-1346222.0040891082,300.1090833560827,1427.029397610669,0.9212475885025758,161
610000,2439.9999999699494,-1678664.1522590257,331799.90134351957,-1346864.2509155062,301.2800895205144,1427.029397610669,0.9212475885025758,161
611000,2443.999999969855,-1675481.0176600553,333290.15410068945,-1342190.8635593657,302.6332649803935,1427.029397610669,0.9212475885025758,161
612000,2447.99999996976,-1677534.8292641174,331813.5279003893,-1345721.301363728,301.29246267149176,1427.029397610669,0.9212475885025758,161
613000,2451.9999999696656,-1679822.945842756,330039.73986113496,-1349783.205981621,299.6818322370249,1427.029397610669,0.9212475885025758,161
614000,2455.999999969571,-1674541.8487894405,330092.72150088975,-1344449.1272885506,299.7299404887261,1427.029397610669,0.9212475885025758,161
615000,2459.9999999694764,-1678542.239657117,332062.6022281638,-1346479.6374289533,301.5186264993449,1427.029397610669,0.9212475885025758,161
616000,2463.999999969382,-1679489.2326164413,330264.1987250521,-1349225.0338913891,299.8856447949576,1427.029397610669,0.9212475885025758,161
617000,2467.9999999692873,-1676977.0485621206,331331.755218965,-1345645.2933431556,300.8550046855179,1427.029397610669,0.9212475885025758,161
618000,2471.9999999691927,-1677229.9710192904,331887.3043178782,-1345342.6667014123,301.359452943567,1427.029397610669,0.9212475885025758,161
619000,2475.999999969098,-1677783.8410430253,330649.9072763785,-1347133.9337666468,300.2358748776125,1427.029397610669,0.9212475885025758,161
620000,2479.9999999690035,-1677897.2534444313,329983.444795878,-1347913.8086485532,299.6307153372564,1427.029397610669,0.9212475885025758,161
621000,2483.999999968909,-1677185.6473495215,329992.80726952566,-1347192.8400799958,299.63921662639865,1427.029397610669,0.9212475885025758,161
622000,2487.9999999688143,-1676099.408515565,331611.4412439335,-1344487.9672716316,301.1089644676003,1427.029397610669,0.9212475885025758,161
623000,2491.9999999687197,-1677424.1589839477,333182.9410252269,-1344241.2179587209,302.5359136404976,1427.029397610669,0.9212475885025758,161
624000,2495.999999968625,-1674597.0157526229,330324.6152463737,-1344272.4005062492,299.9405040486179,1427.029397610669,0.9212475885025758,161
625000,2499.9999999685306,-1678527.772415068,331446.12269466266,-1347081.6497204052,300.9588523454386,1427.029397610669,0.9212475885025758,161
626000,2503.999999968436,-1678574.769880103,331029.52817020146,-1347545.2417099015,300.580577261223,1427.029397610669,0.9212475885025758,161
627000,2507.9999999683414,-1676762.4750323165,332079.4916069184,-1344682.9834253981,301.53396234942363,1427.029397610669,0.9212475885025758,161
628000,2511.999999968247,-1675174.565315798,331127.72355558915,-1344046.8417602088,300.669740381466,1427.029397610669,0.9212475885025758,161
629000,2515.999999968152,-1676898.34686926,330498.4430797836,-1346399.9037894765,300.0983427489877,1427.029397610669,0.9212475885025758,161
630000,2519.9999999680576,-1675089.0091577768,331199.2365951538,-1343889.772562623,300.73467546696384,1427.029397610669,0.9212475885025758,161
631000,2523.999999967963,-1676508.4129828233,332538.4965236148,-1343969.9164592086,301.9507468084687,1427.029397610669,0.9212475885025758,161
632000,2527.9999999678685,-1679002.7411050573,331751.6921654926,-1347251.0489395647,301.23631474718616,1427.029397610669,0.9212475885025758,161
633000,2531.999999967774,-1677224.998082621,330888.02786139195,-1346336.9702212291,300.45209251625266,1427.029397610669,0.9212475885025758,161
634000,2535.9999999676793,-1677710.3084224723,332463.47588970204,-1345246.8325327702,301.8826267662094,1427.029397610669,0.9212475885025758,161
635000,2539.9999999675847,-1677117.7185187582,331876.00470737345,-1345241.7138113847,301.3491927004186,1427.029397610669,0.9212475885025758,161
636000,2543.99999996749,-1676184.7532627024,332903.40879786125,-1343281.344464841,302.28209350931735,1427.029397610669,0.9212475885025758,161
637000,2547.9999999673955,-1676788.2379405033,331384.14507778996,-1345404.0928627134,300.9025755898275,1427.029397610669,0.9212475885025758,161
638000,2551.999999967301,-1677953.1105879694,332764.9119973846,-1345188.1985905848,302.1563360022267,1427.029397610669,0.9212475885025758,161
639000,2555.9999999672063,-1675448.3224177603,332504.21402959607,-1342944.108388164,301.9196177067868,1427.029397610669,0.9212475885025758,161
640000,2559.9999999671118,-1676601.2229885943,332548.2660363091,-1344052.9569522853,301.95961769615485,1427.029397610669,0.9212475885025758,161
641000,2563.999999967017,-1678115.6859297939,331403.7499788635,-1346711.9359509302,300.92037718146923,1427.029397610669,0.9212475885025758,161
642000,2567.9999999669226,-1678007.9366642684,331705.7094414319,-1346302.2272228366,301.19456163283826,1427.029397610669,0.9212475885025758,161
643000,2571.999999966828,-1677063.0000083111,331069.8670523218,-1345993.1329559893,300.6172056687878,1427.029397610669,0.9212475885025758,161
644000,2575.9999999667334,-1676882.4309706632,330373.6791418492,-1346508.751828814,299.9850549202765,1427.029397610669,0.9212475885025758,161
645000,2579.999999966639,-1678360.446170587,330332.80907517043,-1348027.6370954167,299.9479441878808,1427.029397610669,0.9212475885025758,161
646000,2583.9999999665442,-1679436.688166257,331316.54685971374,-1348120.1413065433,300.8411952304273,1427.029397610669,0.9212475885025758,161
647000,2587.9999999664496,-1677278.3246591855,330503.64843516826,-1346774.6762240173,300.10306930234094,1427.029397610669,0.9212475885025758,161
648000,2591.999999966355,-1675851.036021011,330551.80460146855,-1345299.2314195423,300.14679594009806,1427.029397610669,0.9212475885025758,161
649000,2595.9999999662605,-1677078.773861928,332288.8327236894,-1344789.9411382386,301.72404772963534,1427.029397610669,0.9212475885025758,161
650000,2599.999999966166,-1677161.501411032,331065.9524489808,-1346095.548962051,300.6136511407719,1427.029397610669,0.9212475885025758,161
651000,2603.9999999660713,-1676038.1608021967,331549.24699447746,-1344488.9138077192,301.05249100583035,1427.029397610669,0.9212475885025758,161
652000,2607.9999999659767,-1677512.2773253135,331600.3016757727,-1345911.9756495408,301.09884954568764,1427.029397610669,0.9212475885025758,161
653000,2611.999999965882,-1675495.8834026996,332031.3023370941,-1343464.5810656054,301.4902056530901,1427.029397610669,0.9212475885025758,161
654000,2615.9999999657875,-1675446.7716715038,332776.59501926124,-1342670.1766522424,302.1669443895788,1427.029397610669,0.9212475885025758,161
655000,2619.999999965693,-1677961.9869300742,330344.4419437363,-1347617.544986338,299.9585070351532,1427.029397610669,0.9212475885025758,161
656000,2623.9999999655984,-1676847.499892233,330266.6089785933,-1346580.8909136397,299.8878333471534,1427.029397610669,0.9212475885025758,161
657000,2627.999999965504,-1676676.0869717225,332566.594557037,-1344109.4924146854,301.9762603122115,1427.029397610669,0.9212475885025758,161
658000,2631.999999965409,-1676185.7755487785,331372.43684618117,-1344813.3387025972,300.8919443115995,1427.029397610669,0.9212475885025758,161
659000,2635.9999999653146,-1676580.926482128,331511.56287657534,-1345069.3636055526,301.01827317041483,1427.029397610669,0.9212475885025758,161
660000,2639.99999996522,-1678430.7333609778,331202.1619883091,-1347228.5713726687,300.7373317749017,1427.029397610669,0.9212475885025758,161
661000,2643.9999999651254,-1678373.4908663258,332330.411138779,-1346043.0797275468,301.76180165472573,1427.029397610669,0.9212475885025758,161
662000,2647.999999965031,-1679022.991352465,332091.99834256567,-1346930.9930098993,301.5453186832265,1427.029397610669,0.9212475885025758,161
663000,2651.9999999649363,-1676230.3423532099,331621.62527736765,-1344608.7170758422,301.11821174733814,1427.029397610669,0.9212475885025758,161
664000,2655.9999999648417,-1677268.477324333,332280.49895597505,-1344987.978368358,301.71648052339793,1427.029397610669,0.9212475885025758,161
665000,2659.999999964747,-1675992.7939496376,330407.11100857495,-1345585.6829410626,300.01541163756065,1427.029397610669,0.9212475885025758,161
666000,2663.9999999646525,-1675479.309789542,332505.1012840099,-1342974.2085055322,301.92042334924827,1427.029397610669,0.9212475885025758,161
667000,2667.999999964558,-1676605.346184006,331665.9402210855,-1344939.4059629205,301.15845048808626,1427.029397610669,0.9212475885025758,161
668000,2671.9999999644633,-1675441.7886531986,332009.4393913032,-1343432.3492618953,301.4703537175157,1427.029397610669,0.9212475885025758,161
669000,2675.9999999643687,-1675414.3850150853,331282.75747237133,-1344131.6275427141,300.81051387819616,1427.029397610669,0.9212475885025758,161
670000,2679.999999964274,-1677654.5923817568,330501.51316739246,-1347153.0792143643,300.10113044200966,1427.029397610669,0.9212475885025758,161
671000,2683.9999999641796,-1677917.848963011,331586.981670434,-1346330.867292577,301.0867547488399,1427.029397610669,0.9212475885025758,161
672000,2687.999999964085,-1678160.74672799,331201.15722315083,-1346959.5895048392,300.73641943063757,1427.029397610669,0.9212475885025758,161
673000,2691.9999999639904,-1678675.2433526423,332312.47039351286,-1346362.7729591294,301.7455111455424,1427.029397610669,0.9212475885025758,161
674000,2695.999999963896,-1677625.867716184,331076.54662361124,-1346549.3210925725,300.6232708358596,1427.029397610669,0.9212475885025758,161
675000,2699.999999963801,-1678112.3946354333,330014.6264711841,-1348097.7681642491,299.6590288415389,1427.029397610669,0.9212475885025758,161
676000,2703.9999999637066,-1677154.9026380405,330696.77912718896,-1346458.1235108515,300.27843533453546,1427.029397610669,0.9212475885025758,160
677000,2707.999999963612,-1676064.727705922,332240.2947114702,-1343824.4329944518,301.679974369133,1427.029397610669,0.9212475885025758,160
678000,2711.9999999635174,-1673992.979865728,332351.0549413472,-1341641.9249243806,301.78054658701956,1427.029397610669,0.9212475885025758,160
679000,2715.999999963423,-1674429.2823237777,330401.74440664914,-1344027.5379171285,300.0105386695396,1427.029397610669,0.9212475885025758,160
680000,2719.9999999633283,-1676994.7997068744,331863.5996354861,-1345131.2000713884,301.33792867908045,1427.029397610669,0.9212475885025758,160
681000,2723.9999999632337,-1676629.784473516,329981.61797872465,-1346648.1664947914,299.6290565554627,1427.029397610669,0.9212475885025758,160
682000,2727.999999963139,-1677900.4005786981,330881.485682592,-1347018.914896106,300.44615210395443,1427.029397610669,0.9212475885025758,160
683000,2731.9999999630445,-1673759.1958562508,331104.35347433767,-1342654.8423819132,300.6485199406429,1427.029397610669,0.9212475885025758,160
684000,2735.99999996295,-1674600.6538501978,332912.24059943866,-1341688.4132507592,302.2901129389769,1427.029397610669,0.9212475885025758,160
685000,2739.9999999628553,-1675706.5180968046,330939.3828365137,-1344767.135260291,300.49872372813473,1427.029397610669,0.9212475885025758,160
686000,2743.9999999627607,-1676970.7877000123,331640.00593690993,-1345330.7817631024,301.13490170634634,1427.029397610669,0.9212475885025758,160
687000,2747.999999962666,-1676617.5132553503,332583.8889440549,-1344033.6243112953,301.9919639168474,1427.029397610669,0.9212475885025758,160
688000,2751.9999999625716,-1676529.5649308525,329950.1294193942,-1346579.4355114582,299.60046439514093,1427.029397610669,0.9212475885025758,160
689000,2755.999999962477,-1674565.4149661232,330694.2254878285,-1343871.1894782947,300.27611658551837,1427.029397610669,0.9212475885025758,160
690000,2759.9999999623824,-1675453.9146252163,331710.4068010826,-1343743.5078241336,301.198826917217,1427.029397610669,0.9212475885025758,160
691000,2763.999999962288,-1676073.8461079728,330416.34634107817,-1345657.4997668946,300.0237974803293,1427.029397610669,0.9212475885025758,160
692000,2767.999999962193,-1675979.1681335438,330634.63852429995,-1345344.5296092439,300.2220105847828,1427.029397610669,0.9212475885025758,160
693000,2771.9999999620986,-1676872.9715049788,331718.8178912786,-1345154.1536137003,301.2064643336145,1427.029397610669,0.9212475885025758,160
694000,2775.999999962004,-1676337.2898128852,330935.5360456807,-1345401.7537672045,300.49523077505717,1427.029397610669,0.9212475885025758,160
695000,2779.9999999619095,-1676468.712769311,329513.41744974116,-1346955.2953195698,299.20392232029707,1427.029397610669,0.9212475885025758,160
696000,2783.999999961815,-1678188.223319199,331603.932056751,-1346584.2912624478,301.10214599484783,1427.029397610669,0.9212475885025758,160
697000,2787.9999999617203,-1677375.5355939437,331945.4125254393,-1345430.1230685045,301.412216208128,1427.029397610669,0.9212475885025758,160
698000,2791.9999999616257,-1677779.801427938,332397.88219714165,-1345381.9192307964,301.82306655089127,1427.029397610669,0.9212475885025758,160
699000,2795.999999961531,-1677620.0174554475,331167.0344050333,-1346452.9830504141,300.7054353174551,1427.029397610669,0.9212475885025758,160
700000,2799.9999999614365,-1676655.0513298698,333713.43933813577,-1342941.611991734,303.0176153485345,1427.029397610669,0.9212475885025758,160
701000,2803.999999961342,-1677199.0539002456,331157.74055072054,-1346041.313349525,300.6969963358642,1427.029397610669,0.9212475885025758,160
702000,2807.9999999612473,-1674964.7509082593,332006.7307178715,-1342958.0201903877,301.46789419486157,1427.029397610669,0.9212475885025758,160
703000,2811.9999999611528,-1676311.5903047565,332663.73084742174,-1343647.8594573347,302.06446175574507,1427.029397610669,0.9212475885025758,160
704000,2815.999999961058,-1674690.4098966029,332448.612964083,-1342241.7969325199,301.8691309708734,1427.029397610669,0.9212475885025758,160
705000,2819.9999999609636,-1676106.2747283038,332328.65634039545,-1343777.6183879082,301.76020826722936,1427.029397610669,0.9212475885025758,160
706000,2823.999999960869,-1676276.982825404,330327.2328440344,-1345949.7499813696,299.94288087288567,1427.029397610669,0.9212475885025758,160
707000,2827.9999999607744,-1677218.3424963895,332107.49617248843,-1345110.846323901,301.5593909827287,1427.029397610669,0.9212475885025758,160
708000,2831.99999996068,-1675930.06660573,331147.8068603965,-1344782.2597453333,300.6879763720306,1427.029397610669,0.9212475885025758,160
709000,2835.9999999605852,-1677743.1199061088,329941.0452867509,-1347802.074619358,299.5922158444786,1427.029397610669,0.9212475885025758,160
710000,2839.9999999604906,-1679257.1912102904,333343.82435334334,-1345913.366856947,302.6819985046009,1427.029397610669,0.9212475885025758,160
711000,2843.999999960396,-1677730.9946722072,332543.2568137499,-1345187.7378584573,301.9550692348233,1427.029397610669,0.9212475885025758,160
712000,2847.9999999603015,-1677243.4759173095,332347.10063276335,-1344896.375284546,301.77695600595155,1427.029397610669,0.9212475885025758,160
713000,2851.999999960207,-1676101.273260355,331472.57265513286,-1344628.700605222,300.9828693702358,1427.029397610669,0.9212475885025758,160
714000,2855.9999999601123,-1676432.5360575859,333354.57559690345,-1343077.9604606824,302.6917608210125,1427.029397610669,0.9212475885025758,160
715000,2859.9999999600177,-1673909.059885051,331501.45560499537,-1342407.6042800557,301.00909559177757,1427.029397610669,0.9212475885025758,160
716000,2863.999999959923,-1676981.224173043,332105.574003718,-1344875.650169325,301.5576456200059,1427.029397610669,0.9212475885025758,160
717000,2867.9999999598285,-1678371.7359171696,332269.2634571276,-1346102.472460042,301.70627849475096,1427.029397610669,0.9212475885025758,160
718000,2871.999999959734,-1676007.4255021922,329412.3363990395,-1346595.0891031527,299.1121389656882,1427.029397610669,0.9212475885025758,160
719000,2875.9999999596394,-1676698.8795057163,330820.7806934789,-1345878.0988122374,300.391030916515,1427.029397610669,0.9212475885025758,160
720000,2879.9999999595448,-1676178.7271449063,329981.1125451103,-1346197.614599796,299.6285976129375,1427.029397610669,0.9212475885025758,160
721000,2883.99999995945,-1676059.192146629,331645.0052375187,-1344414.1869091103,301.13944115837404,1427.029397610669,0.9212475885025758,160
722000,2887.9999999593556,-1674866.3183945268,331064.5069844856,-1343801.8114100413,300.612338633834,1427.029397610669,0.9212475885025758,160
723000,2891.999999959261,-1678453.1417355984,331038.60873304785,-1347414.5330025507,300.5888225704476,1427.029397610669,0.9212475885025758,160
724000,2895.9999999591664,-1676224.0707583167,330806.03947093553,-1345418.0312873812,300.3776456296914,1427.029397610669,0.9212475885025758,160
725000,2899.999999959072,-1676329.0951164253,330968.45914516144,-1345360.635971264,300.5251255228214,1427.029397610669,0.9212475885025758,160
726000,2903.9999999589772,-1678705.9191136602,332429.784478207,-1346276.134635453,301.85203437775425,1427.029397610669,0.9212475885025758,160
727000,2907.9999999588827,-1679035.7302366477,331391.1431135436,-1347644.587123104,300.90892992817965,1427.029397610669,0.9212475885025758,160
728000,2911.999999958788,-1675431.4929085076,331244.7513662282,-1344186.7415422793,300.77600367184965,1427.029397610669,0.9212475885025758,160
729000,2915.9999999586935,-1676016.850139333,330719.8253014106,-1345297.0248379223,300.2993616621337,1427.029397610669,0.9212475885025758,160
730000,2919.999999958599,-1677455.320174709,331835.1902269975,-1345620.1299477115,301.312132441354,1427.029397610669,0.9212475885025758,160
731000,2923.9999999585043,-1678722.3634997606,331140.7042325432,-1347581.6592672174,300.68152706223026,1427.029397610669,0.9212475885025758,160
732000,2927.9999999584097,-1678265.5112051181,332079.6439203296,-1346185.8672847885,301.5341006526539,1427.029397610669,0.9212475885025758,160
733000,2931.999999958315,-1677844.0092851613,331075.5948182774,-1346768.414466884,300.62240658003844,1427.029397610669,0.9212475885025758,160
734000,2935.9999999582205,-1675153.9511428438,332303.38491113676,-1342850.566231707,301.73726136929923,1427.029397610669,0.9212475885025758,160
735000,2939.999999958126,-1675695.5851455778,330439.5565162158,-1345256.0286293621,300.04487272361575,1427.029397610669,0.9212475885025758,160
736000,2943.9999999580314,-1677041.308148509,331250.51995209244,-1345790.7881964166,300.7812416482883,1427.029397610669,0.9212475885025758,160
737000,2947.999999957937,-1675934.392411638,332277.2229660155,-1343657.1694456225,301.7135058674553,1427.029397610669,0.9212475885025758,160
738000,2951.999999957842,-1676378.217451444,332044.18561722105,-1344334.0318342228,301.5019038958389,1427.029397610669,0.9212475885025758,160
739000,2955.9999999577476,-1675235.8800127637,332298.22867935576,-1342937.651333408,301.7325794210338,1427.029397610669,0.9212475885025758,160
740000,2959.999999957653,-1671509.4583430327,332840.6838077032,-1338668.7745353295,302.2251381257459,1427.029397610669,0.9212475885025758,160
741000,2963.9999999575584,-1676955.5482894257,332258.4239965676,-1344697.124292858,301.69643607576694,1427.029397610669,0.9212475885025758,160
742000,2967.999999957464,-1675538.7465957683,331676.6717996119,-1343862.0747961565,301.16819494830463,1427.029397610669,0.9212475885025758,160
743000,2971.9999999573693,-1674570.0165661462,331073.11137921416,-1343496.905186932,300.62015157411395,1427.029397610669,0.9212475885025758,160
744000,2975.9999999572747,-1675660.5810958222,332386.93326484354,-1343273.6478309785,301.8131247296623,1427.029397610669,0.9212475885025758,160
745000,2979.99999995718,-1676416.157617826,332327.8766013594,-1344088.2810164667,301.7595002506036,1427.029397610669,0.9212475885025758,160
746000,2983.9999999570855,-1677243.573680576,331301.7975347982,-1345941.7761457777,300.8278025865087,1427.029397610669,0.9212475885025758,160
747000,2987.999999956991,-1677011.6585934926,330776.65355960274,-1346235.0050338898,300.35096271037423,1427.029397610669,0.9212475885025758,160
748000,2991.9999999568963,-1674376.1409468837,331901.3457942398,-1342474.795152644,301.3722028486697,1427.029397610669,0.9212475885025758,160
749000,2995.9999999568017,-1676723.5929812975,330580.9640799255,-1346142.628901372,300.1732732544201,1427.029397610669,0.9212475885025758,160
750000,2999.999999956707,-1677492.2507460658,330197.9650597391,-1347294.2856863267,299.82550347323325,1427.029397610669,0.9212475885025758,160
751000,3003.9999999566126,-1677790.3648765702,331226.4585064696,-1346563.9063701006,300.75939343657427,1427.029397610669,0.9212475885025758,160
752000,3007.999999956518,-1676794.0981120877,331750.4790486635,-1345043.6190634242,301.235213215976,1427.029397610669,0.9212475885025758,160
753000,3011.9999999564234,-1675591.8618822303,330663.8606209624,-1344928.0012612678,300.248544757526,1427.029397610669,0.9212475885025758,160
754000,3015.999999956329,-1675951.7628148869,331082.3580529368,-1344869.40476195,300.6285477149073,1427.029397610669,0.9212475885025758,160
755000,3019.999999956234,-1676971.4479909427,330246.7117251789,-1346724.7362657639,299.8697662944941,1427.029397610669,0.9212475885025758,160
756000,3023.9999999561396,-1677763.9647590015,333310.7567067797,-1344453.2080522217,302.65197250556787,1427.029397610669,0.9212475885025758,160
757000,3027.999999956045,-1676133.8193998374,331549.94999403355,-1344583.8694058037,301.0531293416717,1427.029397610669,0.9212475885025758,160
758000,3031.9999999559504,-1675499.481993731,330362.01838785474,-1345137.4636058763,299.97446675254923,1427.029397610669,0.9212475885025758,160
759000,3035.999999955856,-1675277.1732898317,331382.92055331287,-1343894.2527365189,300.90146370027423,1427.029397610669,0.9212475885025758,160
760000,3039.9999999557613,-1676627.8559791464,331216.4218571984,-1345411.434121948,300.7502799842234,1427.029397610669,0.9212475885025758,160
761000,3043.9999999556667,-1676495.6725242771,330463.8649915774,-1346031.8075326998,300.06694524263514,1427.029397610669,0.9212475885025758,160
762000,3047.999999955572,-1676469.1204608511,331607.8636830854,-1344861.2567777657,301.1057159800383,1427.029397610669,0.9212475885025758,160
763000,3051.9999999554775,-1676155.4036058653,330455.1646333425,-1345700.2389725228,300.05904516582,1427.029397610669,0.9212475885025758,160
764000,3055.999999955383,-1674984.6358673088,332562.39090966224,-1342422.2449576466,301.97244332717844,1427.029397610669,0.9212475885025758,160
765000,3059.9999999552883,-1676344.841397334,332008.3776866527,-1344336.463710681,301.4693896712009,1427.029397610669,0.9212475885025758,160
766000,3063.9999999551937,-1674951.3516459633,331751.5387904604,-1343199.8128555028,301.2361754799855,1427.029397610669,0.9212475885025758,160
767000,3067.999999955099,-1677324.3844946753,332948.91872624814,-1344375.4657684271,302.3234173169585,1427.029397610669,0.9212475885025758,160
768000,3071.9999999550046,-1676193.332958566,329233.7222052906,-1346959.6107532755,298.9499541667644,1427.029397610669,0.9212475885025758,160
769000,3075.99999995491,-1678025.926757982,331577.831684449,-1346448.095073533,301.0784464021963,1427.029397610669,0.9212475885025758,160
770000,3079.9999999548154,-1674634.1555252448,331103.31525547226,-1343530.8402697726,300.6475772198301,1427.029397610669,0.9212475885025758,160
771000,3083.999999954721,-1674494.4609010369,330470.2455627588,-1344024.215338278,300.07273891240106,1427.029397610669,0.9212475885025758,160
772000,3087.999999954626,-1677530.9703245964,332532.99094254745,-1344997.9793820488,301.94574764496645,1427.029397610669,0.9212475885025758,160
773000,3091.9999999545316,-1676702.4704430252,331875.63851821225,-1344826.8319248129,301.34886019428217,1427.029397610669,0.9212475885025758,160
774000,3095.999999954437,-1677359.8368124925,331679.8697504292,-1345679.9670620633,301.1710987433469,1427.029397610669,0.9212475885025758,160
775000,3099.9999999543425,-1677167.7401368208,330691.5862209527,-1346476.1539158681,300.2737200852259,1427.029397610669,0.9212475885025758,160
776000,3103.999999954248,-1676565.9806706961,332023.05974107364,-1344542.9209296224,301.48272123233863,1427.029397610669,0.9212475885025758,160
777000,3107.9999999541533,-1674036.6440609265,330424.1363392489,-1343612.5077216777,300.03087093435,1427.029397610669,0.9212475885025758,160
778000,3111.9999999540587,-1676665.0874859486,331907.40779784013,-1344757.6796881084,301.37770725352334,1427.029397610669,0.9212475885025758,160
779000,3115.999999953964,-1678293.2489580624,330983.44276152056,-1347309.8061965418,300.5387309074515,1427.029397610669,0.9212475885025758,160
780000,3119.9999999538695,-1675974.0288771167,332373.8495444788,-1343600.179332638,301.8012444836864,1427.029397610669,0.9212475885025758,160
781000,3123.999999953775,-1674259.9619163927,331132.12863530323,-1343127.8332810896,300.67374027057156,1427.029397610669,0.9212475885025758,160
782000,3127.9999999536803,-1676059.296442194,331359.064720296,-1344700.2317218978,300.8798021883877,1427.029397610669,0.9212475885025758,160
783000,3131.9999999535858,-1675309.6927932743,331397.8212661466,-1343911.8715271277,300.9149938070594,1427.029397610669,0.9212475885025758,160
784000,3135.999999953491,-1678269.1754410043,329934.8732079041,-1348334.3022331002,299.586611489384,1427.029397610669,0.9212475885025758,160
785000,3139.9999999533966,-1678618.0886362698,330452.3625998667,-1348165.726036403,300.0565008706198,1427.029397610669,0.9212475885025758,160
786000,3143.999999953302,-1677535.528729435,331687.35840754607,-1345848.170321889,301.17789857444217,1427.029397610669,0.9212475885025758,160
787000,3147.9999999532074,-1676631.2718297113,331372.0534590027,-1345259.2183707086,300.8915961893638,1427.029397610669,0.9212475885025758,160
788000,3151.999999953113,-1678166.0172664896,332642.88920108404,-1345523.1280654054,302.04553717786257,1427.029397610669,0.9212475885025758,160
789000,3155.9999999530182,-1678347.5038750432,333475.5062915743,-1344871.997583469,302.8015679980752,1427.029397610669,0.9212475885025758,160
790000,3159.9999999529236,-1675823.549270533,331174.84636274236,-1344648.7029077907,300.7125287111192,1427.029397610669,0.9212475885025758,160
791000,3163.999999952829,-1677210.2128937151,331020.16244728817,-1346190.050446427,300.572073021691,1427.029397610669,0.9212475885025758,160
792000,3167.9999999527345,-1676856.0509218238,331628.3575070596,-1345227.6934147642,301.1243247291565,1427.029397610669,0.9212475885025758,160
793000,3171.99999995264,-1677282.2048215587,331888.05333310517,-1345394.1514884536,301.36013306243905,1427.029397610669,0.9212475885025758,160
794000,3175.9999999525453,-1677271.5144411847,330875.2063963377,-1346396.308044847,300.4404504026665,1427.029397610669,0.9212475885025758,160
795000,3179.9999999524507,-1676900.5788931213,333459.2787975902,-1343441.3000955312,302.7868331508964,1427.029397610669,0.9212475885025758,160
796000,3183.999999952356,-1678552.7511177976,330212.1418628452,-1348340.6092549523,299.83837625737715,1427.029397610669,0.9212475885025758,160
797000,3187.9999999522615,-1678049.7026071474,331635.07877892815,-1346414.6238282192,301.13042776108045,1427.029397610669,0.9212475885025758,160
798000,3191.999999952167,-1675259.9018354304,331756.93825709965,-1343502.9635783308,301.2410782897387,1427.029397610669,0.9212475885025758,160
799000,3195.9999999520724,-1675689.6351642683,330664.05992156884,-1345025.5752426996,300.248725725948,1427.029397610669,0.9212475885025758,160
800000,3199.9999999519778,-1676758.080248693,332117.4801627515,-1344640.6000859416,301.568456619783,1427.029397610669,0.9212475885025758,160
801000,3203.999999951883,-1677066.967158964,331775.2722393853,-1345291.6949195787,301.2577258649849,1427.029397610669,0.9212475885025758,160
802000,3207.9999999517886,-1676322.6585279107,331545.5623731959,-1344777.096154715,301.0491453055301,1427.029397610669,0.9212475885025758,160
803000,3211.999999951694,-1677047.4739057273,332361.5461755642,-1344685.927730163,301.79007281041885,1427.029397610669,0.9212475885025758,160
804000,3215.9999999515994,-1676468.103722006,331485.5922689189,-1344982.5114530872,300.99469140632164,1427.029397610669,0.9212475885025758,160
805000,3219.999999951505,-1678624.0055543575,331436.24382706586,-1347187.7617272916,300.9498821615962,1427.029397610669,0.9212475885025758,160
806000,3223.9999999514102,-1676444.8101244401,332700.37737912894,-1343744.4327453112,302.0977374448235,1427.029397610669,0.9212475885025758,160
807000,3227.9999999513157,-1675426.2119148783,332814.80921499484,-1342611.4026998836,302.2016435448979,1427.029397610669,0.9212475885025758,160
808000,3231.999999951221,-1676307.2678916603,331667.46487885754,-1344639.8030128027,301.15983490389885,1427.029397610669,0.9212475885025758,160
809000,3235.9999999511265,-1675123.1019522883,330874.04948474304,-1344249.0524675453,300.4393999067881,1427.029397610669,0.9212475885025758,160
810000,3239.999999951032,-1677456.914294107,332827.58246939734,-1344629.3318247097,302.2132418823726,1427.029397610669,0.9212475885025758,160
811000,3243.9999999509373,-1675600.4068267252,330511.8078475125,-1345088.5989792128,300.1104781908654,1427.029397610669,0.9212475885025758,160
812000,3247.9999999508427,-1679938.163694242,331798.63157616585,-1348139.5321180762,301.27893654964123,1427.029397610669,0.9212475885025758,160
813000,3251.999999950748,-1678491.9942737482,332787.6182595937,-1345704.3760141544,302.1769536837972,1427.029397610669,0.9212475885025758,160
814000,3255.9999999506535,-1676653.5850755516,332191.5434933922,-1344462.0415821595,301.63570741399735,1427.029397610669,0.9212475885025758,160
815000,3259.999999950559,-1676343.4349777512,331278.7727219494,-1345064.6622558017,300.806895655409,1427.029397610669,0.9212475885025758,160
816000,3263.9999999504644,-1677538.5695935916,330629.22475003864,-1346909.344843553,300.2170947834595,1427.029397610669,0.9212475885025758,160
817000,3267.99999995037,-1675695.5479868874,332564.92497224774,-1343130.6230146396,301.9747443001429,1427.029397610669,0.9212475885025758,160
818000,3271.999999950275,-1674822.4724057913,331446.1250628767,-1343376.3473429147,300.9588544958181,1427.029397610669,0.9212475885025758,160
819000,3275.9999999501806,-1674700.4310280848,331919.01713254076,-1342781.4138955441,301.3882487316363,1427.029397610669,0.9212475885025758,160
820000,3279.999999950086,-1677060.9760846812,331551.6419207598,-1345509.3341639214,301.05466564060816,1427.029397610669,0.9212475885025758,160
821000,3283.9999999499914,-1675664.9506631736,330170.32356594875,-1345494.6270972248,299.800404515428,1427.029397610669,0.9212475885025758,160
822000,3287.999999949897,-1678701.4129995294,331795.04176433187,-1346906.3712351974,301.2756769379706,1427.029397610669,0.9212475885025758,160
823000,3291.9999999498023,-1678513.2383614797,330570.6755830342,-1347942.5627784454,300.1639311200436,1427.029397610669,0.9212475885025758,160
824000,3295.9999999497077,-1678855.7739671655,330149.7168971833,-1348706.0570699822,299.7816933012738,1427.029397610669,0.9212475885025758,160
825000,3299.999999949613,-1677590.6710041165,332204.7846502969,-1345385.8863538196,301.64773061509374,1427.029397610669,0.9212475885025758,160
826000,3303.9999999495185,-1678538.7992166188,330721.887527297,-1347816.9116893217,300.3012341991573,1427.029397610669,0.9212475885025758,160
827000,3307.999999949424,-1679483.2212607544,330995.99112382066,-1348487.2301369337,300.5501250389802,1427.029397610669,0.9212475885025758,160
828000,3311.9999999493293,-1677250.067227373,330482.1756237238,-1346767.8916036491,300.08357161554824,1427.029397610669,0.9212475885025758,160
829000,3315.9999999492347,-1677062.1720509212,330991.60008074576,-1346070.5719701755,300.5461378953875,1427.029397610669,0.9212475885025758,160
830000,3319.99999994914,-1676665.477661956,331706.4805284807,-1344958.9971334753,301.195261793309,1427.029397610669,0.9212475885025758,160
831000,3323.9999999490456,-1678169.7192084808,331756.877513684,-1346412.841694797,301.2410231336593,1427.029397610669,0.9212475885025758,160
832000,3327.999999948951,-1678294.7413632534,332246.2500922506,-1346048.491271003,301.685381958609,1427.029397610669,0.9212475885025758,160
833000,3331.9999999488564,-1677777.1716915779,331393.7260386284,-1346383.4456529496,300.9112752691445,1427.029397610669,0.9212475885025758,160
834000,3335.999999948762,-1675746.1989071667,331393.0229168534,-1344353.1759903133,300.9106368223263,1427.029397610669,0.9212475885025758,160
835000,3339.999999948667,-1677781.6607958432,332590.52970417036,-1345191.131091673,301.9979938426972,1427.029397610669,0.9212475885025758,160
836000,3343.9999999485726,-1676103.6183937863,331476.6655705276,-1344626.9528232587,300.9865858087023,1427.029397610669,0.9212475885025758,160
837000,3347.999999948478,-1677025.5562135782,332209.60355075717,-1344815.952662821,301.65210626064453,1427.029397610669,0.9212475885025758,160
838000,3351.9999999483834,-1678530.469865419,331345.67757772305,-1347184.792287696,300.86764642976186,1427.029397610669,0.9212475885025758,160
839000,3355.999999948289,-1678456.7558940463,332095.76730811363,-1346360.9885859326,301.54874096958974,1427.029397610669,0.9212475885025758,160
840000,3359.9999999481943,-1677628.8180973046,331090.8851942613,-1346537.9329030432,300.63629050775086,1427.029397610669,0.9212475885025758,160
841000,3363.9999999480997,-1676217.9962153789,331796.4335165667,-1344421.5626988122,301.27694067324063,1427.029397610669,0.9212475885025758,160
842000,3367.999999948005,-1675017.8678356875,331162.3579453579,-1343855.5098903296,300.701189010618,1427.029397610669,0.9212475885025758,160
843000,3371.9999999479105,-1676606.03807641,330690.47982205055,-1345915.5582543595,300.27271545575206,1427.029397610669,0.9212475885025758,160
844000,3375.999999947816,-1676467.6350418124,332582.8287322341,-1343884.8063095785,301.99100122604796,1427.029397610669,0.9212475885025758,160
845000,3379.9999999477213,-1677899.448392775,330969.20528536796,-1346930.243107407,300.5258030311247,1427.029397610669,0.9212475885025758,160
846000,3383.9999999476267,-1678244.2036446575,330900.46976732125,-1347343.7338773361,300.4633899835424,1427.029397610669,0.9212475885025758,160
847000,3387.999999947532,-1678453.4985714313,333345.70020932035,-1345107.798362111,302.68370181450064,1427.029397610669,0.9212475885025758,160
848000,3391.9999999474376,-1677212.7955245227,331092.5514003098,-1346120.2441242128,300.63780345186393,1427.029397610669,0.9212475885025758,160
849000,3395.999999947343,-1676040.3211821355,331040.14311147603,-1345000.1780706595,300.5902158127853,1427.029397610669,0.9212475885025758,160
850000,3399.9999999472484,-1675744.4548650812,333155.45706356823,-1342588.997801513,302.5109577246116,1427.029397610669,0.9212475885025758,160
851000,3403.999999947154,-1678396.878596224,330113.29867710965,-1348283.5799191142,299.74862492313525,1427.029397610669,0.9212475885025758,160
852000,3407.999999947059,-1676613.7071795631,330623.58743889,-1345990.119740673,300.2119760067491,1427.029397610669,0.9212475885025758,160
853000,3411.9999999469646,-1676439.7631478067,331436.07176118996,-1345003.6913866168,300.94972592278395,1427.029397610669,0.9212475885025758,160
854000,3415.99999994687,-1674816.475132702,331062.12472096324,-1343754.3504117387,300.61017549706276,1427.029397610669,0.9212475885025758,160
855000,3419.9999999467755,-1677762.7154598683,331426.8545721722,-1346335.860887696,300.9413565546161,1427.029397610669,0.9212475885025758,160
856000,3423.999999946681,-1675536.99908158,329535.764563339,-1346001.234518241,299.22421388867315,1427.029397610669,0.9212475885025758,160
857000,3427.9999999465863,-1676857.4582571331,331215.40132839704,-1345642.0569287362,300.74935332629684,1427.029397610669,0.9212475885025758,160
858000,3431.9999999464917,-1675712.2579978406,331547.0507843946,-1344165.207213446,301.0504968088228,1427.029397610669,0.9212475885025758,160
859000,3435.999999946397,-1677104.8679351415,331763.7925589329,-1345341.0753762086,301.2473021151876,1427.029397610669,0.9212475885025758,160
860000,3439.9999999463025,-1678402.0773761254,332205.0747810764,-1346197.0025950489,301.6479940588949,1427.029397610669,0.9212475885025758,160
861000,3443.999999946208,-1678227.2901658732,331884.8802786189,-1346342.4098872542,301.35725187369906,1427.029397610669,0.9212475885025758,160
862000,3447.9999999461133,-1679306.9305709992,331310.393773473,-1347996.5367975263,300.8356081209497,1427.029397610669,0.9212475885025758,160
863000,3451.9999999460188,-1677484.9414504226,332058.28435683355,-1345426.6570935892,301.5147057969709,1427.029397610669,0.9212475885025758,160
864000,3455.999999945924,-1677055.5014662668,331302.25724101486,-1345753.244225252,300.82822000776025,1427.029397610669,0.9212475885025758,160
865000,3459.9999999458296,-1677841.4707918148,332630.2009624089,-1345211.269829406,302.0340160361491,1427.029397610669,0.9212475885025758,160
866000,3463.999999945735,-1675777.8073150609,330304.56267456326,-1345473.2446404975,299.9222959641499,1427.029397610669,0.9212475885025758,160
867000,3467.9999999456404,-1677798.830353018,330037.8839944745,-1347760.9463585434,299.6801470777728,1427.029397610669,0.9212475885025758,160
868000,3471.999999945546,-1678843.8460485227,330015.4194080315,-1348828.4266404912,299.6597488420072,1427.029397610669,0.9212475885025758,160
869000,3475.9999999454512,-1679373.2538203765,332083.40739346616,-1347289.8464269103,301.53751795181194,1427.029397610669,0.9212475885025758,160
870000,3479.9999999453566,-1677492.6713720132,331657.5579173218,-1345835.1134546914,301.15083921027065,1427.029397610669,0.9212475885025758,160
871000,3483.999999945262,-1678419.9534007236,332351.56468710717,-1346068.3887136164,301.7810094450481,1427.029397610669,0.9212475885025758,160
872000,3487.9999999451675,-1677474.4254542347,330298.51641818543,-1347175.9090360492,299.9168058580485,1427.029397610669,0.9212475885025758,160
873000,3491.999999945073,-1677693.475408487,329782.1960516378,-1347911.2793568491,299.44797797225095,1427.029397610669,0.9212475885025758,160
874000,3495.9999999449783,-1676396.7454321925,332421.41427703167,-1343975.331155161,301.8444340892997,1427.029397610669,0.9212475885025758,160
875000,3499.9999999448837,-1677315.1359592061,331866.72101817507,-1345448.414941031,301.3407629489285,1427.029397610669,0.9212475885025758,160
876000,3503.999999944789,-1678263.9486475643,329985.20779976435,-1348278.7408478,299.6323161754922,1427.029397610669,0.9212475885025758,160
877000,3507.9999999446945,-1677949.5703345295,331738.2681451039,-1346211.3021894256,301.2241255028613,1427.029397610669,0.9212475885025758,160
878000,3511.9999999446,-1677642.479095893,331032.30600621196,-1346610.173089681,300.5830995847033,1427.029397610669,0.9212475885025758,160
879000,3515.9999999445054,-1678334.759866599,331622.79681306356,-1346711.9630535354,301.1192755221552,1427.029397610669,0.9212475885025758,160
880000,3519.999999944411,-1678644.9703010917,332070.63082273863,-1346574.339478353,301.5259166030563,1427.029397610669,0.9212475885025758,160
881000,3523.999999944316,-1677930.9489269443,331798.79978957854,-1346132.1491373656,301.27908929034976,1427.029397610669,0.9212475885025758,160
882000,3527.9999999442216,-1678009.7059400566,331183.0677220906,-1346826.638217966,300.7199938486023,1427.029397610669,0.9212475885025758,160
883000,3531.999999944127,-1675330.2904284392,330522.05672054394,-1344808.2337078953,300.119784346087,1427.029397610669,0.9212475885025758,160
884000,3535.9999999440324,-1676337.6988880467,331731.66768202547,-1344606.031206021,301.218132167423,1427.029397610669,0.9212475885025758,160
885000,3539.999999943938,-1676295.854046531,333015.51690958993,-1343280.337136941,302.38388962740186,1427.029397610669,0.9212475885025758,160
886000,3543.9999999438432,-1677741.2683264092,332224.90239452175,-1345516.3659318874,301.6659978772493,1427.029397610669,0.9212475885025758,160
887000,3547.9999999437487,-1678566.5759184938,331012.9639009021,-1347553.6120175917,300.5655366161922,1427.029397610669,0.9212475885025758,160
888000,3551.999999943654,-1676780.2045186833,330894.98020163376,-1345885.2243170496,300.4584053622841,1427.029397610669,0.9212475885025758,160
889000,3555.9999999435595,-1675394.559492495,332461.8858725829,-1342932.673619912,301.8811830029712,1427.029397610669,0.9212475885025758,160
890000,3559.999999943465,-1676086.2438462377,331148.81385414756,-1344937.42999209,300.6888907398958,1427.029397610669,0.9212475885025758,160
891000,3563.9999999433703,-1676323.2330463994,330839.7394593009,-1345483.4935870986,300.40824580609427,1427.029397610669,0.9212475885025758,160
892000,3567.9999999432757,-1676071.072969852,331831.3391242884,-1344239.7338455636,301.30863557301785,1427.029397610669,0.9212475885025758,160
893000,3571.999999943181,-1678384.2256088182,330979.3503554552,-1347404.875253363,300.53501493146496,1427.029397610669,0.9212475885025758,160
894000,3575.9999999430866,-1675260.7565184478,332591.1996321944,-1342669.5568862534,301.99860214901145,1427.029397610669,0.9212475885025758,160
895000,3579.999999942992,-1675593.175623661,331300.78258454445,-1344292.3930391164,300.8268809940005,1427.029397610669,0.9212475885025758,160
896000,3583.9999999428974,-1675590.836541202,332307.1999758909,-1343283.6365653109,301.74072551454464,1427.029397610669,0.9212475885025758,160
897000,3587.999999942803,-1676996.0459181722,332228.53988904005,-1344767.5060291323,301.6693007856277,1427.029397610669,0.9212475885025758,160
898000,3591.999999942708,-1677192.2559385058,331847.7368466285,-1345344.5190918772,301.32352499050876,1427.029397610669,0.9212475885025758,160
899000,3595.9999999426136,-1678050.8409966882,330757.14899069275,-1347293.6920059954,300.33325222208464,1427.029397610669,0.9212475885025758,160
900000,3599.999999942519,-1675717.134492023,332797.6535992151,-1342919.4808928077,302.1860659469632,1427.029397610669,0.9212475885025758,160
901000,3603.9999999424244,-1676280.5141342524,331112.67469496495,-1345167.8394392875,300.6560757539068,1427.029397610669,0.9212475885025758,160
902000,3607.99999994233,-1675390.6747816112,330861.7771956464,-1344528.8975859648,300.42825645453667,1427.029397610669,0.9212475885025758,160
903000,3611.9999999422353,-1676632.918270724,331683.65704964247,-1344949.2612210815,301.17453767699755,1427.029397610669,0.9212475885025758,160
904000,3615.9999999421407,-1677483.13855277,332269.6474504629,-1345213.491102307,301.70662716738764,1427.029397610669,0.9212475885025758,160
905000,3619.999999942046,-1677224.2648535296,333166.2099689341,-1344058.0548845956,302.52072154997177,1427.029397610669,0.9212475885025758,160
906000,3623.9999999419515,-1678928.8208855502,331582.81321470416,-1347346.007670846,301.0829697184334,1427.029397610669,0.9212475885025758,160
907000,3627.999999941857,-1680317.4711859748,330995.24218502414,-1349322.2290009507,300.54944498950834,1427.029397610669,0.9212475885025758,160
908000,3631.9999999417623,-1674444.4512505475,331887.37250298844,-1342557.078747559,301.3595148568348,1427.029397610669,0.9212475885025758,160
909000,3635.9999999416677,-1676526.0417435262,331649.887244813,-1344876.154498713,301.1438741060293,1427.029397610669,0.9212475885025758,160
910000,3639.999999941573,-1677781.4448783994,332649.4165225802,-1345132.0283558192,302.0514640994702,1427.029397610669,0.9212475885025758,160
911000,3643.9999999414786,-1674523.113301305,330216.82852720306,-1344306.284774102,299.8426318302437,1427.029397610669,0.9212475885025758,159
912000,3647.999999941384,-1675142.5310900696,331301.22819597827,-1343841.3028940912,300.82728561694375,1427.029397610669,0.9212475885025758,159
913000,3651.9999999412894,-1677359.5611071642,330975.3897747417,-1346384.1713324226,300.531418655194,1427.029397610669,0.9212475885025758,159
914000,3655.999999941195,-1681206.2141701095,330428.31638559286,-1350777.8977845167,300.034666489236,1427.029397610669,0.9212475885025758,159
915000,3659.9999999411,-1677948.2949908338,331627.65905177314,-1346320.6359390607,301.12369051959115,1427.029397610669,0.9212475885025758,159
916000,3663.9999999410056,-1677701.9387970958,333245.3831687378,-1344456.555628358,302.592612194387,1427.029397610669,0.9212475885025758,159
917000,3667.999999940911,-1676868.3639952969,332451.70391363144,-1344416.6600816655,301.8719376068998,1427.029397610669,0.9212475885025758,159
918000,3671.9999999408165,-1675369.6066022757,329689.90936600463,-1345679.697236271,299.3641800542994,1427.029397610669,0.9212475885025758,159
919000,3675.999999940722,-1676314.9665588364,330597.479714479,-1345717.4868443573,300.1882697382545,1427.029397610669,0.9212475885025758,159
920000,3679.9999999406273,-1677038.6302790884,331989.81574074435,-1345048.814538344,301.45253510101475,1427.029397610669,0.9212475885025758,159
921000,3683.9999999405327,-1678392.9268905167,330654.8741513356,-1347738.052739181,300.2403848865838,1427.029397610669,0.9212475885025758,159
922000,3687.999999940438,-1678155.8285500053,331090.3339604695,-1347065.4945895358,300.6357899778668,1427.029397610669,0.9212475885025758,159
923000,3691.9999999403435,-1676398.2127211988,331348.9417243716,-1345049.2709968272,300.8706103317718,1427.029397610669,0.9212475885025758,159
924000,3695.999999940249,-1676656.0134659316,332851.9971526297,-1343804.0163133019,302.23541083998856,1427.029397610669,0.9212475885025758,159
925000,3699.9999999401543,-1676834.0107240677,332069.8403905106,-1344764.170333557,301.525198876826,1427.029397610669,0.9212475885025758,159
926000,3703.9999999400598,-1677209.673124861,332423.86209649703,-1344785.8110283639,301.8466567520089,1427.029397610669,0.9212475885025758,159
927000,3707.999999939965,-1676954.6311394405,330999.7090562389,-1345954.9220832016,300.55350098637274,1427.029397610669,0.9212475885025758,159
928000,3711.9999999398706,-1677154.497083081,330418.9630577685,-1346735.5340253124,300.02617350466056,1427.029397610669,0.9212475885025758,159
929000,3715.999999939776,-1677820.6373414416,331736.84499885084,-1346083.7923425906,301.222833261276,1427.029397610669,0.9212475885025758,159
930000,3719.9999999396814,-1676709.1917237006,331240.98298652313,-1345468.2087371775,300.7725819174419,1427.029397610669,0.9212475885025758,159
931000,3723.999999939587,-1678635.1012020372,331940.1513201413,-1346694.949881896,301.4074389420807,1427.029397610669,0.9212475885025758,159
932000,3727.999999939492,-1675538.9298922643,332133.24387415114,-1343405.686018113,301.58277034429716,1427.029397610669,0.9212475885025758,159
933000,3731.9999999393976,-1680061.6384747624,333138.1850692964,-1346923.453405466,302.49527445297906,1427.029397610669,0.9212475885025758,159
934000,3735.999999939303,-1678565.0238849558,332263.4330304742,-1346301.5908544816,301.7009843657986,1427.029397610669,0.9212475885025758,159
935000,3739.9999999392085,-1677778.4877590109,332201.111615996,-1345577.376143015,301.6443954359737,1427.029397610669,0.9212475885025758,159
936000,3743.999999939114,-1676612.7651692033,330774.7697494871,-1345837.9954197162,300.34925217797814,1427.029397610669,0.9212475885025758,159
937000,3747.9999999390193,-1679256.0682835355,332345.1146712821,-1346910.9536122535,301.77515271833624,1427.029397610669,0.9212475885025758,159
938000,3751.9999999389247,-1677435.1753472704,333300.8646858943,-1344134.3106613762,302.64299037831034,1427.029397610669,0.9212475885025758,159
939000,3755.99999993883,-1679492.5076212734,331008.4666701512,-1348484.040951122,300.56145305234025,1427.029397610669,0.9212475885025758,159
940000,3759.9999999387355,-1677684.6985528488,331094.3495951081,-1346590.3489577407,300.6394362440607,1427.029397610669,0.9212475885025758,159
941000,3763.999999938641,-1676875.4956588633,331033.3785139087,-1345842.1171449546,300.5840734403723,1427.029397610669,0.9212475885025758,159
942000,3767.9999999385464,-1677441.5831473563,330138.677901991,-1347302.9052453653,299.7716697013683,1427.029397610669,0.9212475885025758,159
943000,3771.9999999384518,-1676598.822844591,331175.19109505904,-1345423.631749532,300.71284173406707,1427.029397610669,0.9212475885025758,159
944000,3775.999999938357,-1674712.8094052933,329674.22948176065,-1345038.5799235327,299.34994244630263,1427.029397610669,0.9212475885025758,159
945000,3779.9999999382626,-1675427.7873204686,332532.3325738411,-1342895.4547466275,301.945149834714,1427.029397610669,0.9212475885025758,159
946000,3783.999999938168,-1676120.2586160451,330169.0339780845,-1345951.2246379605,299.79923354718596,1427.029397610669,0.9212475885025758,159
947000,3787.9999999380734,-1679462.4796419945,330934.07328505337,-1348528.406356941,300.4939025629301,1427.029397610669,0.9212475885025758,159
948000,3791.999999937979,-1676694.9511429388,330202.35548515135,-1346492.5956577875,299.8294900559776,1427.029397610669,0.9212475885025758,159
949000,3795.9999999378842,-1674909.4513188358,332565.11806695873,-1342344.3332518772,301.97491963350376,1427.029397610669,0.9212475885025758,159
950000,3799.9999999377897,-1677034.9476722293,330081.22000665823,-1346953.727665571,299.7194969316375,1427.029397610669,0.9212475885025758,159
951000,3803.999999937695,-1678238.0546217002,332456.8505830094,-1345781.2040386908,301.87661087233676,1427.029397610669,0.9212475885025758,159
952000,3807.9999999376005,-1677392.4698209614,331394.75754600763,-1345997.7122749537,300.9122118958111,1427.029397610669,0.9212475885025758,159
953000,3811.999999937506,-1676749.298899265,330016.9343968253,-1346732.3645024397,299.6611244782192,1427.029397610669,0.9212475885025758,159
954000,3815.9999999374113,-1678503.8360754754,332368.59596958803,-1346135.2401058874,301.7964741461818,1427.029397610669,0.9212475885025758,159
955000,3819.9999999373167,-1676236.3041972928,330945.410960526,-1345290.8932367668,300.5041973697323,1427.029397610669,0.9212475885025758,159
956000,3823.999999937222,-1675706.5862359032,331579.59282997454,-1344126.9934059286,301.0800455530081,1427.029397610669,0.9212475885025758,159
957000,3827.9999999371275,-1677334.7602769267,330628.908969073,-1346705.8513078536,300.2168080488426,1427.029397610669,0.9212475885025758,159
958000,3831.999999937033,-1676029.8604368083,331837.35281687474,-1344192.5076199337,301.31409611062924,1427.029397610669,0.9212475885025758,159
959000,3835.9999999369384,-1674806.5267542768,331408.9653560076,-1343397.5613982691,300.92511283475454,1427.029397610669,0.9212475885025758,159
960000,3839.999999936844,-1676696.6646436304,330993.14635568124,-1345703.5182879493,300.5475419399611,1427.029397610669,0.9212475885025758,159
961000,3843.999999936749,-1675467.9342398401,330444.0441686317,-1345023.8900712084,300.04894759017276,1427.029397610669,0.9212475885025758,159
962000,3847.9999999366546,-1679938.4523590673,329729.95837040275,-1350208.4939886646,299.4005452478435,1427.029397610669,0.9212475885025758,159
963000,3851.99999993656,-1675801.855561072,331228.3777581272,-1344573.4778029448,300.76113615050775,1427.029397610669,0.9212475885025758,159
964000,3855.9999999364654,-1678192.99910637,330474.6630538872,-1347718.3360524827,300.07675007128694,1427.029397610669,0.9212475885025758,159
965000,3859.999999936371,-1675669.4342833124,331033.4128962648,-1344636.0213870476,300.58410466015044,1427.029397610669,0.9212475885025758,159
966000,3863.9999999362763,-1675849.82962716,330879.2208193434,-1344970.6088078166,300.4440955686766,1427.029397610669,0.9212475885025758,159
967000,3867.9999999361817,-1676446.9565550927,331991.0923564091,-1344455.8641986835,301.4536942902737,1427.029397610669,0.9212475885025758,159
968000,3871.999999936087,-1673580.3391713668,332227.4076658491,-1341352.9315055176,301.6682727072499,1427.029397610669,0.9212475885025758,159
969000,3875.9999999359925,-1677357.5906178951,330976.6621428338,-1346380.9284750614,300.532573987583,1427.029397610669,0.9212475885025758,159
970000,3879.999999935898,-1676354.3703136519,332254.1723831717,-1344100.1979304801,301.69257553675135,1427.029397610669,0.9212475885025758,159
971000,3883.9999999358033,-1673767.1519069858,332370.6721961905,-1341396.4797107952,301.7983593960994,1427.029397610669,0.9212475885025758,159
972000,3887.9999999357087,-1675751.2683521193,331266.06140201935,-1344485.2069501,300.795353555514,1427.029397610669,0.9212475885025758,159
973000,3891.999999935614,-1675360.0232225899,332183.31977321685,-1343176.7034493731,301.6282401328421,1427.029397610669,0.9212475885025758,159
974000,3895.9999999355196,-1678392.4446509853,331683.41271681874,-1346709.0319341666,301.17431581853793,1427.029397610669,0.9212475885025758,159
975000,3899.999999935425,-1675113.3355307356,331372.4999499211,-1343740.8355808144,300.8920016108944,1427.029397610669,0.9212475885025758,159
976000,3903.9999999353304,-1674959.452258978,332281.90122734633,-1342677.5510316317,301.717753810227,1427.029397610669,0.9212475885025758,159
977000,3907.999999935236,-1676310.1537427716,331108.2704946832,-1345201.8832480884,300.6520766633411,1427.029397610669,0.9212475885025758,159
978000,3911.999999935141,-1675395.476351345,331579.01857549814,-1343816.4577758468,301.0795241199415,1427.029397610669,0.9212475885025758,159
979000,3915.9999999350466,-1677755.3072270006,330820.93050192157,-1346934.376725079,300.3911669451902,1427.029397610669,0.9212475885025758,159
980000,3919.999999934952,-1675246.2659508009,332806.73817487503,-1342439.5277759258,302.19431489989233,1427.029397610669,0.9212475885025758,159
981000,3923.9999999348574,-1676784.96837141,330398.85096515715,-1346386.1174062528,300.00791137426853,1427.029397610669,0.9212475885025758,159
982000,3927.999999934763,-1677080.877011383,331047.75303859037,-1346033.1239727926,300.59712575915046,1427.029397610669,0.9212475885025758,159
983000,3931.9999999346683,-1675319.879895052,332885.81551787566,-1342434.0643771763,302.26611850466077,1427.029397610669,0.9212475885025758,159
984000,3935.9999999345737,-1676663.49476015,331563.22836028814,-1345100.266399862,301.06518632950593,1427.029397610669,0.9212475885025758,159
985000,3939.999999934479,-1674447.3948437218,331445.46327809826,-1343001.9315656235,300.95825358371275,1427.029397610669,0.9212475885025758,159
986000,3943.9999999343845,-1675147.724043673,331017.342372819,-1344130.3816708538,300.56951234495455,1427.029397610669,0.9212475885025758,159
987000,3947.99999993429,-1677860.0383593235,332466.2968759135,-1345393.74148341,301.8851882708238,1427.029397610669,0.9212475885025758,159
988000,3951.9999999341953,-1676351.024871016,331706.76499128365,-1344644.2598797323,301.1955200904886,1427.029397610669,0.9212475885025758,159
989000,3955.9999999341007,-1677587.5365705565,333234.60033723374,-1344352.9362333226,302.5828211955721,1427.029397610669,0.9212475885025758,159
990000,3959.999999934006,-1676777.6948258914,331206.69286650483,-1345571.0019593865,300.74144589121966,1427.029397610669,0.9212475885025758,159
991000,3963.9999999339116,-1679192.107145492,332088.9272219342,-1347103.1799235577,301.5425300522021,1427.029397610669,0.9212475885025758,159
992000,3967.999999933817,-1675895.3993452936,332112.54490032303,-1343782.8544449706,301.56397531553836,1427.029397610669,0.9212475885025758,159
993000,3971.9999999337224,-1679299.3732575234,332631.68258210033,-1346667.690675423,302.0353613726349,1427.029397610669,0.9212475885025758,159
994000,3975.999999933628,-1676694.3316384014,332255.79580944637,-1344438.535828955,301.6940496360846,1427.029397610669,0.9212475885025758,159
995000,3979.999999933533,-1676564.2516975105,332661.10935224534,-1343903.142345265,302.0620813924652,1427.029397610669,0.9212475885025758,159
996000,3983.9999999334386,-1674582.9979378972,332170.52545761457,-1342412.4724802827,301.6166226714312,1427.029397610669,0.9212475885025758,159
997000,3987.999999933344,-1675144.1158627886,331170.98009268416,-1343973.1357701044,300.7090180705659,1427.029397610669,0.9212475885025758,159
998000,3991.9999999332495,-1676320.6810177807,333011.15099338826,-1343309.5300243925,302.37992529944773,1427.029397610669,0.9212475885025758,159
999000,3995.999999933155,-1677617.1349720713,331264.1838308152,-1346352.9511412561,300.79364868815816,1427.029397610669,0.9212475885025758,159
1000000,3999.9999999330603,-1679969.3168151043,332196.36227367504,-1347772.9545414294,301.640082950425,1427.029397610669,0.9212475885025758,159
1001000,4003.9999999329657,-1676228.5822841786,332009.36310143466,-1344219.219182744,301.47028444498625,1427.029397610669,0.9212475885025758,159
1002000,4007.999999932871,-1676453.83147474,331496.0086633868,-1344957.8228113533,301.0041496739253,1427.029397610669,0.9212475885025758,159
1003000,4011.9999999327765,-1676976.7296042088,332018.5162628581,-1344958.2133413507,301.4785956749833,1427.029397610669,0.9212475885025758,159
1004000,4015.999999932682,-1678574.2178911678,329731.08970037196,-1348843.128190796,299.4015725151604,1427.029397610669,0.9212475885025758,159
1005000,4019.9999999325873,-1678497.5545497127,331649.5818297275,-1346847.972719985,301.1435967838121,1427.029397610669,0.9212475885025758,159
1006000,4023.9999999324928,-1677366.842528442,332368.8906429288,-1344997.951885513,301.79674171470765,1427.029397610669,0.9212475885025758,159
1007000,4027.999999932398,-1677204.5719761979,331170.2937296671,-1346034.2782465308,300.7083948409917,1427.029397610669,0.9212475885025758,159
1008000,4031.9999999323036,-1679223.3323001973,331715.54326608055,-1347507.7890341168,301.20349091689917,1427.029397610669,0.9212475885025758,159
1009000,4035.999999932209,-1678559.64860766,330421.00403129566,-1348138.6445763644,300.0280267441717,1427.029397610669,0.9212475885025758,159
1010000,4039.9999999321144,-1679258.9682815243,332162.3393342371,-1347096.628947287,301.60918952882326,1427.029397610669,0.9212475885025758,159
1011000,4043.99999993202,-1677901.0825717188,334394.2156004774,-1343506.8669712413,303.6357720521117,1427.029397610669,0.9212475885025758,159
1012000,4047.9999999319252,-1676964.9532801788,330801.6974175396,-1346163.2558626393,300.37370296958056,1427.029397610669,0.9212475885025758,159
1013000,4051.9999999318306,-1678100.281258922,331801.7011151245,-1346298.5801437977,301.28172374447917,1427.029397610669,0.9212475885025758,159
1014000,4055.999999931736,-1673985.8132999875,330454.7229629999,-1343531.0903369875,300.0586441214562,1427.029397610669,0.9212475885025758,159
1015000,4059.9999999316415,-1675444.5090682711,331039.8584921361,-1344404.6505761351,300.5899573734673,1427.029397610669,0.9212475885025758,159
1016000,4063.999999931547,-1676921.263182873,331209.9382421735,-1345711.3249406994,300.74439274885293,1427.029397610669,0.9212475885025758,159
1017000,4067.9999999314523,-1676006.726828685,331786.06752057135,-1344220.6593081136,301.2675281683279,1427.029397610669,0.9212475885025758,159
1018000,4071.9999999313577,-1674770.7132698242,331758.8329745898,-1343011.8802952343,301.2427987262209,1427.029397610669,0.9212475885025758,159
1019000,4075.999999931263,-1676927.7982222065,331731.994053293,-1345195.8041689135,301.21842851821845,1427.029397610669,0.9212475885025758,159
1020000,4079.9999999311685,-1675762.5516880974,331539.4728820839,-1344223.0788060136,301.0436159415371,1427.029397610669,0.9212475885025758,159
1021000,4083.999999931074,-1678204.400341114,331278.9162064327,-1346925.4841346813,300.8070259418189,1427.029397610669,0.9212475885025758,159
1022000,4087.9999999309794,-1677958.4521718808,331919.6524121055,-1346038.7997597752,301.388825576546,1427.029397610669,0.9212475885025758,159
1023000,4091.9999999308848,-1678816.9209489506,331759.43549095327,-1347057.4854579973,301.24334582157326,1427.029397610669,0.9212475885025758,159
1024000,4095.99999993079,-1677730.1766236182,330091.5376167871,-1347638.6390068312,299.7288655013407,1427.029397610669,0.9212475885025758,159
1025000,4099.999999930696,-1676445.1167414095,330961.4534933967,-1345483.6632480128,300.5187642689986,1427.029397610669,0.9212475885025758,159
1026000,4103.999999930601,-1674993.6928442996,332198.79207958875,-1342794.9007647107,301.6422892565156,1427.029397610669,0.9212475885025758,159
1027000,4107.999999930506,-1676332.1708232407,331647.9525389653,-1344684.2182842754,301.142117359422,1427.029397610669,0.9212475885025758,159
1028000,4111.999999930412,-1675837.5748599563,331854.5802718266,-1343982.9945881297,301.3297389397835,1427.029397610669,0.9212475885025758,159
1029000,4115.999999930317,-1677915.8949449956,330687.584878867,-1347228.3100661286,300.27008679691903,1427.029397610669,0.9212475885025758,159
1030000,4119.999999930223,-1676890.4463009015,330858.1585190288,-1346032.2877818728,300.4249706331398,1427.029397610669,0.9212475885025758,159
1031000,4123.999999930128,-1678490.9060509447,331791.78461446636,-1346699.1214364783,301.27271938916164,1427.029397610669,0.9212475885025758,159
1032000,4127.9999999300335,-1676994.13909702,333849.9893597941,-1343144.1497372258,303.1416051465504,1427.029397610669,0.9212475885025758,159
1033000,4131.999999929939,-1675591.1006016228,332349.70927347057,-1343241.3913281523,301.77932469714955,1427.029397610669,0.9212475885025758,159
1034000,4135.999999929844,-1677472.2452830914,331191.2715912296,-1346280.9736918618,300.7274431046708,1427.029397610669,0.9212475885025758,159
1035000,4139.99999992975,-1676653.124723548,331578.4855968229,-1345074.639126725,301.0790401660213,1427.029397610669,0.9212475885025758,159
1036000,4143.999999929655,-1676300.9585542586,331634.35343439155,-1344666.605119867,301.12976913560755,1427.029397610669,0.9212475885025758,159
1037000,4147.9999999295605,-1677059.3107509017,332473.65941798134,-1344585.6513329204,301.89187358725786,1427.029397610669,0.9212475885025758,159
1038000,4151.999999929466,-1675600.0165489484,331612.76907541667,-1343987.2474735316,301.1101701617144,1427.029397610669,0.9212475885025758,159
1039000,4155.999999929371,-1677526.1451385561,332319.25144682697,-1345206.8936917293,301.7516684600601,1427.029397610669,0.9212475885025758,159
1040000,4159.999999929277,-1678727.2630179562,330871.3088294242,-1347855.954188532,300.43691134402343,1427.029397610669,0.9212475885025758,159
1041000,4163.999999929182,-1676020.5243578888,332081.8427911099,-1343938.681566779,301.53609726562115,1427.029397610669,0.9212475885025758,159
1042000,4167.999999929088,-1675089.8407985643,332698.6013438896,-1342391.2394546745,302.0961247738922,1427.029397610669,0.9212475885025758,159
1043000,4171.999999928993,-1674265.587280145,332155.04208627896,-1342110.545193866,301.602563500578,1427.029397610669,0.9212475885025758,159
1044000,4175.999999928898,-1676934.629290117,332458.8745355359,-1344475.754754581,301.8784486564828,1427.029397610669,0.9212475885025758,159
1045000,4179.999999928804,-1675337.5369561203,330083.2010172435,-1345254.3359388767,299.721295723753,1427.029397610669,0.9212475885025758,159
1046000,4183.999999928709,-1676190.9248793516,331601.7745065043,-1344589.1503728474,301.10018690164486,1427.029397610669,0.9212475885025758,159
1047000,4187.999999928615,-1675079.2730001453,332408.43988992885,-1342670.8331102165,301.8326531198299,1427.029397610669,0.9212475885025758,159
1048000,4191.99999992852,-1674657.4233835414,330746.66759978485,-1343910.7557837565,300.3237349365814,1427.029397610669,0.9212475885025758,159
1049000,4195.9999999284255,-1676191.9296874274,332037.97503896756,-1344153.9546484598,301.49626458261247,1427.029397610669,0.9212475885025758,159
1050000,4199.999999928331,-1677884.1378793493,331979.0521683249,-1345905.0857110245,301.44276158978414,1427.029397610669,0.9212475885025758,159
1051000,4203.999999928236,-1675426.468834227,332342.9997508673,-1343083.4690833597,301.77323233376313,1427.029397610669,0.9212475885025758,159
1052000,4207.999999928142,-1679647.84680314,329948.7750408832,-1349699.0717622568,299.5992345958632,1427.029397610669,0.9212475885025758,159
1053000,4211.999999928047,-1677984.001476718,330619.6793965209,-1347364.3220801973,300.2084274362099,1427.029397610669,0.9212475885025758,159
1054000,4215.999999927953,-1675365.154637942,330776.0663806125,-1344589.0882573295,300.350429541624,1427.029397610669,0.9212475885025758,159
1055000,4219.999999927858,-1677795.698853571,331175.1685511066,-1346620.5303024645,300.7128212637656,1427.029397610669,0.9212475885025758,159
1056000,4223.999999927763,-1674894.0187080838,331236.68799536495,-1343657.330712719,300.7686819906626,1427.029397610669,0.9212475885025758,159
1057000,4227.999999927669,-1676048.6951789856,331455.30423616857,-1344593.390942817,300.96718934504474,1427.029397610669,0.9212475885025758,159
1058000,4231.999999927574,-1673446.6596402172,330835.03518772894,-1342611.6244524883,300.4039742455706,1427.029397610669,0.9212475885025758,159
1059000,4235.99999992748,-1677504.2904312704,330587.20871921047,-1346917.08171206,300.17894349565637,1427.029397610669,0.9212475885025758,159
1060000,4239.999999927385,-1674545.8166682664,331027.52744954545,-1343518.289218721,300.5787605720199,1427.029397610669,0.9212475885025758,159
1061000,4243.99999992729,-1679012.4561429136,330125.6135117373,-1348886.842631176,299.75980700746993,1427.029397610669,0.9212475885025758,159
1062000,4247.999999927196,-1677197.1552751604,330469.11628278554,-1346728.038992375,300.0717135065162,1427.029397610669,0.9212475885025758,159
1063000,4251.999999927101,-1674830.3302520849,330053.8355580983,-1344776.4946939866,299.6946313753784,1427.029397610669,0.9212475885025758,159
1064000,4255.999999927007,-1678189.3130259458,330864.20970662165,-1347325.103319324,300.4304652168703,1427.029397610669,0.9212475885025758,159
1065000,4259.999999926912,-1674679.0245481748,332394.0648103481,-1342284.9597378266,301.81960029719363,1427.029397610669,0.9212475885025758,159
1066000,4263.9999999268175,-1674386.1876765415,329322.5717945747,-1345063.615881967,299.03063114136563,1427.029397610669,0.9212475885025758,159
1067000,4267.999999926723,-1674218.765334295,330921.8299235932,-1343296.935410702,300.4827853774764,1427.029397610669,0.9212475885025758,159
1068000,4271.999999926628,-1673843.929668039,332181.1334671048,-1341662.7962009343,301.62625492881256,1427.029397610669,0.9212475885025758,159
1069000,4275.999999926534,-1674402.581311917,331978.77898594626,-1342423.8023259707,301.4425135354262,1427.029397610669,0.9212475885025758,159
1070000,4279.999999926439,-1678072.9264536202,332982.00173449854,-1345090.9247191218,302.3534572646708,1427.029397610669,0.9212475885025758,159
1071000,4283.999999926345,-1679481.145549735,331925.9433015479,-1347555.2022481873,301.39453781373084,1427.029397610669,0.9212475885025758,159
1072000,4287.99999992625,-1678465.2295514494,331850.45628590236,-1346614.7732655471,301.3259942887351,1427.029397610669,0.9212475885025758,159
1073000,4291.999999926155,-1676087.5710199866,332450.1159528926,-1343637.455067094,301.8704957108907,1427.029397610669,0.9212475885025758,159
1074000,4295.999999926061,-1679939.733016733,330848.61743425636,-1349091.1155824768,300.4163071619853,1427.029397610669,0.9212475885025758,159
1075000,4299.999999925966,-1678621.5501513314,330418.7149988202,-1348202.835152511,300.025948262815,1427.029397610669,0.9212475885025758,159
1076000,4303.999999925872,-1678259.4500029776,331442.5448945966,-1346816.905108381,300.95560364066256,1427.029397610669,0.9212475885025758,159
1077000,4307.999999925777,-1678786.1479255445,331157.78340987064,-1347628.3645156738,300.6970352527189,1427.029397610669,0.9212475885025758,159
1078000,4311.9999999256825,-1677370.118782306,330966.68694167753,-1346403.4318406286,300.52351633119076,1427.029397610669,0.9212475885025758,159
1079000,4315.999999925588,-1678809.08700658,331883.99544392957,-1346925.0915626506,301.3564484283896,1427.029397610669,0.9212475885025758,159
1080000,4319.999999925493,-1678975.7781274132,330650.5932487205,-1348325.1848786927,300.23649775244695,1427.029397610669,0.9212475885025758,159
1081000,4323.999999925399,-1677134.2512372024,329944.33758599486,-1347189.9136512075,299.5952053095355,1427.029397610669,0.9212475885025758,159
1082000,4327.999999925304,-1676194.651617024,331875.78623760375,-1344318.8653794203,301.3489943260625,1427.029397610669,0.9212475885025758,159
1083000,4331.9999999252095,-1679562.928491626,332478.2469224555,-1347084.6815691704,301.896039121223,1427.029397610669,0.9212475885025758,159
1084000,4335.999999925115,-1679559.9539858866,331029.6209920237,-1348530.332993863,300.5806615450543,1427.029397610669,0.9212475885025758,159
1085000,4339.99999992502,-1676638.2476108987,331593.560606443,-1345044.6870044558,301.09272853732415,1427.029397610669,0.9212475885025758,159
1086000,4343.999999924926,-1677703.3360185008,332136.1036540803,-1345567.2323644205,301.58536707428283,1427.029397610669,0.9212475885025758,159
1087000,4347.999999924831,-1678885.2210549023,329471.1316971674,-1349414.089357735,299.1655261204511,1427.029397610669,0.9212475885025758,159
1088000,4351.999999924737,-1679589.4709040876,331362.0758256195,-1348227.3950784681,300.88253632446714,1427.029397610669,0.9212475885025758,159
1089000,4355.999999924642,-1677293.6055776887,331041.7457519386,-1346251.85982575,300.5916710382392,1427.029397610669,0.9212475885025758,159
1090000,4359.999999924547,-1678371.9004174415,331521.4026693502,-1346850.4977480914,301.02720787363836,1427.029397610669,0.9212475885025758,159
1091000,4363.999999924453,-1678858.5386038981,332223.0252051992,-1346635.513398699,301.66429335664856,1427.029397610669,0.9212475885025758,159
1092000,4367.999999924358,-1676412.6069922876,331933.8612128967,-1344478.745779391,301.40172741514516,1427.029397610669,0.9212475885025758,159
1093000,4371.999999924264,-1677224.7014182732,332632.63925277465,-1344592.0621654985,302.0362300462699,1427.029397610669,0.9212475885025758,159
1094000,4375.999999924169,-1676464.2574798148,332637.8764086958,-1343826.381071119,302.04098547506413,1427.029397610669,0.9212475885025758,159
1095000,4379.9999999240745,-1676982.8003635537,330802.44090826216,-1346180.3594552916,300.3743780721063,1427.029397610669,0.9212475885025758,159
1096000,4383.99999992398,-1676401.9315918963,331196.1701032427,-1345205.7614886537,300.7318910388982,1427.029397610669,0.9212475885025758,159
1097000,4387.999999923885,-1677871.0389107652,331264.43215350766,-1346606.6067572576,300.79387416948805,1427.029397610669,0.9212475885025758,159
1098000,4391.999999923791,-1675762.1681416836,332762.60248289374,-1342999.5656587898,302.15423892284315,1427.029397610669,0.9212475885025758,159
1099000,4395.999999923696,-1677984.5533663332,332514.0201721933,-1345470.53319414,301.92852185506285,1427.029397610669,0.9212475885025758,159
1100000,4399.9999999236015,-1676491.249169737,331389.55913343804,-1345101.6900362992,300.90749164665493,1427.029397610669,0.9212475885025758,159
1101000,4403.999999923507,-1676303.8702296931,331962.0610221588,-1344341.8092075344,301.4273333331233,1427.029397610669,0.9212475885025758,159
1102000,4407.999999923412,-1674267.588890355,330754.51074838097,-1343513.078141974,300.3308566521141,1427.029397610669,0.9212475885025758,159
1103000,4411.999999923318,-1674071.064890897,332326.24678604095,-1341744.818104856,301.75802034990727,1427.029397610669,0.9212475885025758,159
1104000,4415.999999923223,-1677314.5179133601,332646.1821914706,-1344668.3357218895,302.048527270489,1427.029397610669,0.9212475885025758,159
1105000,4419.999999923129,-1676897.482233379,331928.8293074222,-1344968.6529259568,301.3971583573315,1427.029397610669,0.9212475885025758,159
1106000,4423.999999923034,-1677355.6049003936,332652.1576610536,-1344703.44723934,302.05395310094764,1427.029397610669,0.9212475885025758,159
1107000,4427.999999922939,-1677222.4639042318,331553.0227619745,-1345669.4411422573,301.0559194684818,1427.029397610669,0.9212475885025758,159
1108000,4431.999999922845,-1676872.3412055317,332286.39199459023,-1344585.9492109416,301.72183150510205,1427.029397610669,0.9212475885025758,159
1109000,4435.99999992275,-1673570.5885657873,332166.8233288641,-1341403.7652369232,301.61326107404426,1427.029397610669,0.9212475885025758,159
1110000,4439.999999922656,-1675162.137434233,331431.86409232253,-1343730.2733419104,300.94590528616556,1427.029397610669,0.9212475885025758,159
1111000,4443.999999922561,-1679947.9303763006,332303.7720296747,-1347644.158346626,301.7376128796743,1427.029397610669,0.9212475885025758,159
1112000,4447.9999999224665,-1676460.3428041283,330868.0131958233,-1345592.329608305,300.4339188513124,1427.029397610669,0.9212475885025758,159
1113000,4451.999999922372,-1675980.1924868766,330766.2213292377,-1345213.9711576388,300.3414900635002,1427.029397610669,0.9212475885025758,159
1114000,4455.999999922277,-1676328.4306708518,329610.78966494295,-1346717.6410059088,299.2923379876738,1427.029397610669,0.9212475885025758,159
1115000,4459.999999922183,-1675705.44792624,331876.0922505918,-1343829.3556756482,301.3492721911856,1427.029397610669,0.9212475885025758,159
1116000,4463.999999922088,-1676713.4324355982,331039.2472900323,-1345674.185145566,300.58940239131147,1427.029397610669,0.9212475885025758,159
1117000,4467.999999921994,-1675123.8267993145,331635.320900844,-1343488.5058984705,301.1306476119972,1427.029397610669,0.9212475885025758,159
1118000,4471.999999921899,-1674306.106776191,332154.26456394145,-1342151.8422122495,301.6018574967531,1427.029397610669,0.9212475885025758,159
1119000,4475.999999921804,-1676806.1422579326,331679.16466233216,-1345126.9775956003,301.17045851107395,1427.029397610669,0.9212475885025758,158
1120000,4479.99999992171,-1674204.7491029166,332138.1680752806,-1342066.5810276358,301.58724160468967,1427.029397610669,0.9212475885025758,158
1121000,4483.999999921615,-1675277.183370607,331400.90896372066,-1343876.2744068862,300.91779749023635,1427.029397610669,0.9212475885025758,158
1122000,4487.999999921521,-1678563.0252727643,330614.9726169614,-1347948.0526558028,300.2041535983899,1427.029397610669,0.9212475885025758,158
1123000,4491.999999921426,-1676354.0385947637,331930.0581587088,-1344423.980436055,301.39827417570314,1427.029397610669,0.9212475885025758,158
1124000,4495.999999921331,-1674232.4213482141,332115.5929421489,-1342116.8284060652,301.5667429906053,1427.029397610669,0.9212475885025758,158
1125000,4499.999999921237,-1675118.3060514275,332250.31390779844,-1342867.9921436291,301.6890719739077,1427.029397610669,0.9212475885025758,158
1126000,4503.999999921142,-1675774.7900728602,332569.41927432554,-1343205.3707985347,301.97882520470876,1427.029397610669,0.9212475885025758,158
1127000,4507.999999921048,-1677376.4477866497,332214.23664349027,-1345162.2111431593,301.65631318954274,1427.029397610669,0.9212475885025758,158
1128000,4511.999999920953,-1677012.740585221,330995.06830000825,-1346017.6722852127,300.5492870988853,1427.029397610669,0.9212475885025758,158
1129000,4515.9999999208585,-1677867.2582903374,331599.86101728736,-1346267.3972730502,301.09844942010784,1427.029397610669,0.9212475885025758,158
1130000,4519.999999920764,-1676450.84259131,331698.1750098481,-1344752.6675814618,301.18772023772976,1427.029397610669,0.9212475885025758,158
1131000,4523.999999920669,-1675678.084948536,332377.44320083683,-1343300.6417476991,301.8045075862517,1427.029397610669,0.9212475885025758,158
1132000,4527.999999920575,-1679681.4681705385,330506.08813621115,-1349175.3800343275,300.1052845933812,1427.029397610669,0.9212475885025758,158
1133000,4531.99999992048,-1676195.8521940615,331857.4190461803,-1344338.4331478812,301.3323165963408,1427.029397610669,0.9212475885025758,158
1134000,4535.999999920386,-1675988.978851797,331810.84073705564,-1344178.1381147415,301.2900226803813,1427.029397610669,0.9212475885025758,158
1135000,4539.999999920291,-1676586.9826674853,330851.61801118107,-1345735.3646563042,300.41903173809527,1427.029397610669,0.9212475885025758,158
1136000,4543.999999920196,-1677195.9792162254,329991.7239800853,-1347204.2552361402,299.63823298071867,1427.029397610669,0.9212475885025758,158
1137000,4547.999999920102,-1677037.854395451,331433.1348624347,-1345604.7195330164,300.94705916756095,1427.029397610669,0.9212475885025758,158
1138000,4551.999999920007,-1675628.417473903,332569.5722524464,-1343058.8452214566,301.97896411150697,1427.029397610669,0.9212475885025758,158
1139000,4555.999999919913,-1676901.6256587468,330893.7685857615,-1346007.8570729853,300.45730519396886,1427.029397610669,0.9212475885025758,158
1140000,4559.999999919818,-1677397.679267861,331136.90866103274,-1346260.7706068282,300.6780806171897,1427.029397610669,0.9212475885025758,158
1141000,4563.999999919723,-1677452.9713557381,330567.7549365427,-1346885.2164191953,300.1612791221592,1427.029397610669,0.9212475885025758,158
1142000,4567.999999919629,-1674419.017044248,332491.207695832,-1341927.809348416,301.9078077291922,1427.029397610669,0.9212475885025758,158
1143000,4571.999999919534,-1675173.2488998994,330592.9714520392,-1344580.2774478602,300.18417615743687,1427.029397610669,0.9212475885025758,158
1144000,4575.99999991944,-1678182.3405149356,330764.605550815,-1347417.7349641207,300.3400229085497,1427.029397610669,0.9212475885025758,158
1145000,4579.999999919345,-1678702.5116471723,331947.9062411308,-1346754.6054060415,301.41448054540996,1427.029397610669,0.9212475885025758,158
1146000,4583.9999999192505,-1675786.5693361368,330423.70922022464,-1345362.8601159123,300.0304831028366,1427.029397610669,0.9212475885025758,158
1147000,4587.999999919156,-1678411.6976933423,330826.86835705023,-1347584.829336292,300.3965586210692,1427.029397610669,0.9212475885025758,158
1148000,4591.999999919061,-1678656.9235198721,332319.46690957656,-1346337.4566102955,301.7518641039896,1427.029397610669,0.9212475885025758,158
1149000,4595.999999918967,-1677748.4034536034,329640.44008219964,-1348107.9633714037,299.3192610829768,1427.029397610669,0.9212475885025758,158
1150000,4599.999999918872,-1678100.4935078286,333168.36877525575,-1344932.1247325728,302.52268178371264,1427.029397610669,0.9212475885025758,158
1151000,4603.999999918778,-1678759.8402942289,330906.5079932372,-1347853.3323009918,300.4688727978445,1427.029397610669,0.9212475885025758,158
1152000,4607.999999918683,-1674695.358373331,331093.67241102917,-1343601.6859623017,300.6388213491222,1427.029397610669,0.9212475885025758,158
1153000,4611.999999918588,-1677039.7848975603,330947.0920664808,-1346092.6928310795,300.5057238432198,1427.029397610669,0.9212475885025758,158
1154000,4615.999999918494,-1677847.7505401615,330491.6511307142,-1347356.0994094473,300.0921755409345,1427.029397610669,0.9212475885025758,158
1155000,4619.999999918399,-1676604.1754815206,331983.094248438,-1344621.0812330826,301.4464318689295,1427.029397610669,0.9212475885025758,158
1156000,4623.999999918305,-1676686.5478865672,333372.28675160045,-1343314.2611349667,302.70784285796015,1427.029397610669,0.9212475885025758,158
1157000,4627.99999991821,-1676834.7755527273,331304.73387819063,-1345530.0416745367,300.83046883745254,1427.029397610669,0.9212475885025758,158
1158000,4631.9999999181155,-1676800.7169449478,331520.34037384077,-1345280.3765711072,301.0262432908133,1427.029397610669,0.9212475885025758,158
1159000,4635.999999918021,-1678268.987390602,331335.5586730736,-1346933.4287175285,300.8584582880949,1427.029397610669,0.9212475885025758,158
1160000,4639.999999917926,-1676617.4472776335,330103.76958394644,-1346513.677693687,299.7399723405708,1427.029397610669,0.9212475885025758,158
1161000,4643.999999917832,-1676194.8768119942,331872.994065276,-1344321.8827467184,301.3464589849564,1427.029397610669,0.9212475885025758,158
1162000,4647.999999917737,-1675594.0088102352,331798.3307415376,-1343795.6780686975,301.278663386559,1427.029397610669,0.9212475885025758,158
1163000,4651.9999999176425,-1676258.4078336712,332953.1736575032,-1343305.234176168,302.3272808686481,1427.029397610669,0.9212475885025758,158
1164000,4655.999999917548,-1677821.8801429905,330338.7378484941,-1347483.1422944963,299.95332761732266,1427.029397610669,0.9212475885025758,158
1165000,4659.999999917453,-1677144.939186044,332338.8454980108,-1344806.0936880333,301.76946019981307,1427.029397610669,0.9212475885025758,158
1166000,4663.999999917359,-1677629.9898399338,331437.06586488395,-1346192.92397505,300.95062858625283,1427.029397610669,0.9212475885025758,158
1167000,4667.999999917264,-1675959.372416703,333114.33386579854,-1342845.0385509045,302.4736171447764,1427.029397610669,0.9212475885025758,158
1168000,4671.99999991717,-1676553.8108115029,330697.6298403472,-1345856.1809711556,300.2792077969004,1427.029397610669,0.9212475885025758,158
1169000,4675.999999917075,-1678709.403785294,332997.3872479645,-1345712.0165373294,302.3674275788739,1427.029397610669,0.9212475885025758,158
1170000,4679.99999991698,-1676395.5339325145,330785.27221489756,-1345610.261717617,300.3587885994968,1427.029397610669,0.9212475885025758,158
1171000,4683.999999916886,-1676670.5143959485,332583.6734268545,-1344086.840969094,301.9917682234757,1427.029397610669,0.9212475885025758,158
1172000,4687.999999916791,-1675282.1121541131,331134.83923126134,-1344147.2729228518,300.6762015389131,1427.029397610669,0.9212475885025758,158
1173000,4691.999999916697,-1677350.5268936865,331684.19008234027,-1345666.3368113462,301.17502167997117,1427.029397610669,0.9212475885025758,158
1174000,4695.999999916602,-1676193.339990208,330634.1786522368,-1345559.1613379712,300.2215930129397,1427.029397610669,0.9212475885025758,158
1175000,4699.9999999165075,-1675044.2436487824,330734.5483756255,-1344309.6952731567,300.312730469959,1427.029397610669,0.9212475885025758,158
1176000,4703.999999916413,-1676551.7507870384,331467.32873030106,-1345084.4220567374,300.9781077951528,1427.029397610669,0.9212475885025758,158
1177000,4707.999999916318,-1677818.9127450325,330076.52046456496,-1347742.3922804676,299.71522966556284,1427.029397610669,0.9212475885025758,158
1178000,4711.999999916224,-1678363.660091877,333009.10754832893,-1345354.552543548,302.37806981574226,1427.029397610669,0.9212475885025758,158
1179000,4715.999999916129,-1677167.275768999,330988.4263885628,-1346178.8493804364,300.5432561276078,1427.029397610669,0.9212475885025758,158
1180000,4719.9999999160345,-1678963.0654155556,331549.74234757095,-1347413.3230679845,301.05294079506706,1427.029397610669,0.9212475885025758,158
1181000,4723.99999991594,-1678178.1713920254,332908.3526040673,-1345269.818787958,302.2865825714608,1427.029397610669,0.9212475885025758,158
1182000,4727.999999915845,-1677079.792572016,330563.77689322527,-1346516.0156787906,300.15766698953973,1427.029397610669,0.9212475885025758,158
1183000,4731.999999915751,-1677069.2248270623,332480.45839612384,-1344588.7664309386,301.898047177832,1427.029397610669,0.9212475885025758,158
1184000,4735.999999915656,-1674642.1191435885,330570.3742902582,-1344071.7448533303,300.1636575409553,1427.029397610669,0.9212475885025758,158
1185000,4739.999999915562,-1677248.2103113234,331817.8170640286,-1345430.3932472947,301.2963573067824,1427.029397610669,0.9212475885025758,158
1186000,4743.999999915467,-1676241.757977372,332743.8429973972,-1343497.9149799747,302.1372049832703,1427.029397610669,0.9212475885025758,158
1187000,4747.999999915372,-1677917.8338599447,331499.3474234582,-1346418.4864364865,301.00718132622274,1427.029397610669,0.9212475885025758,158
1188000,4751.999999915278,-1675623.5742816739,331545.33824062493,-1344078.236041049,301.04894178925184,1427.029397610669,0.9212475885025758,158
1189000,4755.999999915183,-1676044.4541330598,331412.52350308374,-1344631.930629976,300.9283436942734,1427.029397610669,0.9212475885025758,158
1190000,4759.999999915089,-1675288.1818107404,329886.59543495777,-1345401.5863757827,299.5427744306741,1427.029397610669,0.9212475885025758,158
1191000,4763.999999914994,-1674546.2160245162,330817.4941341305,-1343728.7218903857,300.3880466633832,1427.029397610669,0.9212475885025758,158
1192000,4767.9999999148995,-1678537.4287019838,332158.63692358765,-1346378.7917783961,301.60582767546714,1427.029397610669,0.9212475885025758,158
1193000,4771.999999914805,-1676207.882112749,330539.92584036157,-1345667.9562723874,300.1360098181155,1427.029397610669,0.9212475885025758,158
1194000,4775.99999991471,-1676547.9258328527,331811.9475677338,-1344735.9782651188,301.29102770191525,1427.029397610669,0.9212475885025758,158
1195000,4779.999999914616,-1675108.4359425474,331557.4827472644,-1343550.953195283,301.05996921280655,1427.029397610669,0.9212475885025758,158
1196000,4783.999999914521,-1678597.843241861,332984.61576240824,-1345613.2274794527,302.3558308475424,1427.029397610669,0.9212475885025758,158
1197000,4787.999999914427,-1677434.1964532305,330247.51808458136,-1347186.678368649,299.87049848287626,1427.029397610669,0.9212475885025758,158
1198000,4791.999999914332,-1675237.4587973412,332115.95205500367,-1343121.5067423375,301.56706907133224,1427.029397610669,0.9212475885025758,158
1199000,4795.999999914237,-1676559.9816088714,332139.5051915958,-1344420.4764172756,301.58845572959297,1427.029397610669,0.9212475885025758,158
1200000,4799.999999914143,-1678921.703256607,332112.1773684976,-1346809.5258881096,301.5636415902394,1427.029397610669,0.9212475885025758,158
1201000,4803.999999914048,-1676725.4128757343,331100.2688747931,-1345625.1440009412,300.6448110531133,1427.029397610669,0.9212475885025758,158
1202000,4807.999999913954,-1678891.9476069827,331912.5726885268,-1346979.3749184557,301.382397064226,1427.029397610669,0.9212475885025758,158
1203000,4811.999999913859,-1677511.0833986402,330277.9010540889,-1347233.1823445512,299.8980867483823,1427.029397610669,0.9212475885025758,158
1204000,4815.999999913764,-1677892.0366573613,333369.53004399216,-1344522.506613369,302.70533971943706,1427.029397610669,0.9212475885025758,158
1205000,4819.99999991367,-1677432.0124397427,331097.5502823214,-1346334.4621574213,300.6423425237981,1427.029397610669,0.9212475885025758,158
1206000,4823.999999913575,-1676623.3610930014,332380.6433812106,-1344242.717711791,301.80741340577003,1427.029397610669,0.9212475885025758,158
1207000,4827.999999913481,-1674649.7743553612,331631.9503797098,-1343017.8239756515,301.1275871201015,1427.029397610669,0.9212475885025758,158
1208000,4831.999999913386,-1674180.1522890907,330979.9104676463,-1343200.2418214444,300.5355235230902,1427.029397610669,0.9212475885025758,158
1209000,4835.9999999132915,-1677372.8186184764,332781.7338147838,-1344591.0848036925,302.1716105054179,1427.029397610669,0.9212475885025758,158
1210000,4839.999999913197,-1677226.892454803,331783.97359000123,-1345442.9188648018,301.26562684289934,1427.029397610669,0.9212475885025758,158
1211000,4843.999999913102,-1680039.8782710861,329449.02265196724,-1350590.855619119,299.1454507223267,1427.029397610669,0.9212475885025758,158
1212000,4847.999999913008,-1678099.9498526957,329889.5453831781,-1348210.4044695175,299.5454530350387,1427.029397610669,0.9212475885025758,158
1213000,4851.999999912913,-1676134.5456312466,331528.94179638533,-1344605.6038348614,301.0340535322984,1427.029397610669,0.9212475885025758,158
1214000,4855.999999912819,-1676173.0000622869,331252.6883381964,-1344920.3117240905,300.7832105806384,1427.029397610669,0.9212475885025758,158
1215000,4859.999999912724,-1678206.4200311992,330300.84732805396,-1347905.5727031452,299.9189223648076,1427.029397610669,0.9212475885025758,158
1216000,4863.999999912629,-1677849.2558569573,330654.7150150349,-1347194.5408419224,300.24024038805095,1427.029397610669,0.9212475885025758,158
1217000,4867.999999912535,-1674308.7331602033,331136.4847899735,-1343172.2483702297,300.6776957348851,1427.029397610669,0.9212475885025758,158
1218000,4871.99999991244,-1678079.4735702518,332097.59618894255,-1345981.8773813094,301.5504016252368,1427.029397610669,0.9212475885025758,158
1219000,4875.999999912346,-1675337.2169069014,331647.804099163,-1343689.4128077384,301.141982573496,1427.029397610669,0.9212475885025758,158
1220000,4879.999999912251,-1675847.3530609608,332287.5864759032,-1343559.7665850576,301.72291611493904,1427.029397610669,0.9212475885025758,158
1221000,4883.999999912156,-1676166.5620247126,331454.6275280522,-1344711.9344966603,300.96657488228857,1427.029397610669,0.9212475885025758,158
1222000,4887.999999912062,-1676742.1131260358,332851.5353919804,-1343890.5777340555,302.23499155327625,1427.029397610669,0.9212475885025758,158
1223000,4891.999999911967,-1677090.4644145854,330361.80238746124,-1346728.662027124,299.97427062042976,1427.029397610669,0.9212475885025758,158
1224000,4895.999999911873,-1676405.8507581577,331128.7237657478,-1345277.1269924098,300.67064858971116,1427.029397610669,0.9212475885025758,158
1225000,4899.999999911778,-1676390.6362771243,331983.65567462845,-1344406.9806024958,301.446941653689,1427.029397610669,0.9212475885025758,158
1226000,4903.9999999116835,-1675379.19272675,330641.73271025735,-1344737.4600164925,300.2284522291946,1427.029397610669,0.9212475885025758,158
1227000,4907.999999911589,-1675500.8992493227,333054.89470779314,-1342446.0045415296,302.4196453540303,1427.029397610669,0.9212475885025758,158
1228000,4911.999999911494,-1675561.9610165842,331947.47592500306,-1343614.485091581,301.41408981087096,1427.029397610669,0.9212475885025758,158
1229000,4915.9999999114,-1676529.0287879128,332367.5782399219,-1344161.4505479909,301.7955500299188,1427.029397610669,0.9212475885025758,158
1230000,4919.999999911305,-1677912.95733325,331966.77905748575,-1345946.1782757642,301.4316173913762,1427.029397610669,0.9212475885025758,158
1231000,4923.999999911211,-1676213.3214925919,331806.4495727813,-1344406.8719198105,301.2860354267374,1427.029397610669,0.9212475885025758,158
1232000,4927.999999911116,-1678746.8849616684,331603.0070824609,-1347143.8778792075,301.10130610208176,1427.029397610669,0.9212475885025758,158
1233000,4931.999999911021,-1676529.3018970545,330861.7836104858,-1345667.5182865688,300.42826227932255,1427.029397610669,0.9212475885025758,158
1234000,4935.999999910927,-1676151.0679203682,331171.2305330441,-1344979.837387324,300.70924547477466,1427.029397610669,0.9212475885025758,158
1235000,4939.999999910832,-1676959.7425515372,331067.4686375897,-1345892.2739139474,300.6150278664369,1427.029397610669,0.9212475885025758,158
1236000,4943.999999910738,-1674721.0851188544,330829.33459858154,-1343891.7505202729,300.3987980113352,1427.029397610669,0.9212475885025758,158
1237000,4947.999999910643,-1678378.41917173,331436.22003477736,-1346942.1991369526,300.94986055778384,1427.029397610669,0.9212475885025758,158
1238000,4951.9999999105485,-1678425.812468674,330677.943370053,-1347747.869098621,300.2613321389856,1427.029397610669,0.9212475885025758,158
1239000,4955.999999910454,-1675289.3112943564,332113.4669593897,-1343175.8443349667,301.5648125612308,1427.029397610669,0.9212475885025758,158
1240000,4959.999999910359,-1675916.24075876,332419.7544713981,-1343496.486287362,301.8429269568748,1427.029397610669,0.9212475885025758,158
1241000,4963.999999910265,-1673706.0176187437,332156.80453922134,-1341549.2130795224,301.60416383854704,1427.029397610669,0.9212475885025758,158
1242000,4967.99999991017,-1679868.1199628804,331044.10708959366,-1348824.0128732868,300.5938151739584,1427.029397610669,0.9212475885025758,158
1243000,4971.9999999100755,-1676013.5743894987,331917.5180487744,-1344096.0563407242,301.38688753746624,1427.029397610669,0.9212475885025758,158
1244000,4975.999999909981,-1676559.6123166252,330049.8655808447,-1346509.7467357805,299.69102656688534,1427.029397610669,0.9212475885025758,158
1245000,4979.999999909886,-1678025.151748756,333039.32516095863,-1344985.8265877974,302.4055079343231,1427.029397610669,0.9212475885025758,158
1246000,4983.999999909792,-1675961.3545444943,332097.9170929104,-1343863.4374515838,301.5506930116289,1427.029397610669,0.9212475885025758,158
1247000,4987.999999909697,-1676878.9461293332,330034.7642825739,-1346844.1818467593,299.67731432502967,1427.029397610669,0.9212475885025758,158
1248000,4991.999999909603,-1679484.3015925717,331661.7521286182,-1347822.5494639534,301.1546476271801,1427.029397610669,0.9212475885025758,158
1249000,4995.999999909508,-1679352.0419185963,330854.6824473721,-1348497.3594712242,300.4218142995314,1427.029397610669,0.9212475885025758,158
1250000,4999.999999909413,-1677204.1492320113,331603.9086086006,-1345600.2406234108,301.1021247035189,1427.029397610669,0.9212475885025758,158
1251000,5003.999999909319,-1677329.3434068542,330214.09257253614,-1347115.250834318,299.8401475357528,1427.029397610669,0.9212475885025758,158
1252000,5007.999999909224,-1676673.6038136166,331101.90844271245,-1345571.6953709042,300.6462998093411,1427.029397610669,0.9212475885025758,158
1253000,5011.99999990913,-1675621.9779643156,331684.7694711393,-1343937.2084931764,301.1755477750922,1427.029397610669,0.9212475885025758,158
1254000,5015.999999909035,-1676753.8785174992,330824.29593009024,-1345929.5825874088,300.3942228125844,1427.029397610669,0.9212475885025758,158
1255000,5019.9999999089405,-1674322.9664532635,331465.66332347656,-1342857.303129787,300.97659557674905,1427.029397610669,0.9212475885025758,158
1256000,5023.999999908846,-1675959.4998881426,330118.87092565716,-1345840.6289624854,299.7536846218706,1427.029397610669,0.9212475885025758,158
1257000,5027.999999908751,-1676988.7689147964,331527.53870334814,-1345461.2302114484,301.03277949938234,1427.029397610669,0.9212475885025758,158
1258000,5031.999999908657,-1678139.773984246,330592.5906946801,-1347547.1832895658,300.183830423123,1427.029397610669,0.9212475885025758,158
1259000,5035.999999908562,-1677706.964771824,329786.25164189975,-1347920.7131299241,299.4516605188468,1427.029397610669,0.9212475885025758,158
1260000,5039.9999999084675,-1676471.481120536,331549.75229401526,-1344921.728826521,301.05294982661167,1427.029397610669,0.9212475885025758,158
1261000,5043.999999908373,-1677363.3970681187,331597.2185829065,-1345766.1784852121,301.0960500436656,1427.029397610669,0.9212475885025758,158
1262000,5047.999999908278,-1679696.2942698244,330955.1072777401,-1348741.1869920844,300.5130017946476,1427.029397610669,0.9212475885025758,158
1263000,5051.999999908184,-1677730.5602853745,329974.4977097196,-1347756.062575655,299.62259122718933,1427.029397610669,0.9212475885025758,158
1264000,5055.999999908089,-1677287.4617264029,330859.83009262674,-1346427.6316337762,300.4264884510813,1427.029397610669,0.9212475885025758,158
1265000,5059.999999907995,-1677087.3957958184,332683.9758930296,-1344403.419902789,302.0828446097736,1427.029397610669,0.9212475885025758,158
1266000,5063.9999999079,-1677272.6370963678,331203.3495976842,-1346069.2874986837,300.73841014489943,1427.029397610669,0.9212475885025758,158
1267000,5067.999999907805,-1676266.376672471,330444.01110526954,-1345822.3655672013,300.048917568064,1427.029397610669,0.9212475885025758,158
1268000,5071.999999907711,-1678773.4999015555,332442.77177516377,-1346330.7281263918,301.8638270695963,1427.029397610669,0.9212475885025758,158
1269000,5075.999999907616,-1675613.9576927219,331967.39095873665,-1343646.5667339852,301.4321730083697,1427.029397610669,0.9212475885025758,158
1270000,5079.999999907522,-1678859.6461471934,331367.67540182755,-1347491.9707453658,300.8876208371943,1427.029397610669,0.9212475885025758,158
1271000,5083.999999907427,-1678438.256132938,329915.2813735081,-1348522.97475943,299.5688217625131,1427.029397610669,0.9212475885025758,158
1272000,5087.9999999073325,-1678263.2926785946,331350.27531563945,-1346913.017362955,300.87182125587077,1427.029397610669,0.9212475885025758,158
1273000,5091.999999907238,-1675966.333107045,331937.0158999265,-1344029.3172071185,301.40459192591476,1427.029397610669,0.9212475885025758,158
1274000,5095.999999907143,-1675431.0424600616,329984.8451948477,-1345446.1972652138,299.63198692391217,1427.029397610669,0.9212475885025758,158
1275000,5099.999999907049,-1678157.785181582,332301.09108902473,-1345856.6940925573,301.735178538869,1427.029397610669,0.9212475885025758,158
1276000,5103.999999906954,-1677057.169964265,330707.478819855,-1346349.69114441,300.28815084183736,1427.029397610669,0.9212475885025758,158
1277000,5107.99999990686,-1678280.0881624557,331952.8000173501,-1346327.2881451056,301.4189241794541,1427.029397610669,0.9212475885025758,158
1278000,5111.999999906765,-1678505.6505498942,333786.25145601254,-1344719.3990938817,303.0837300197664,1427.029397610669,0.9212475885025758,158
1279000,5115.99999990667,-1678756.9494859502,331025.61480553873,-1347731.3346804115,300.5770238579485,1427.029397610669,0.9212475885025758,158
1280000,5119.999999906576,-1680726.2634285633,332484.7147284335,-1348241.5487001296,301.9019120017036,1427.029397610669,0.9212475885025758,158
1281000,5123.999999906481,-1678167.771563841,330511.1421853654,-1347656.6293784757,300.1098737580418,1427.029397610669,0.9212475885025758,158
1282000,5127.999999906387,-1677955.8439000528,332016.5731978356,-1345939.2707022172,301.47683133809966,1427.029397610669,0.9212475885025758,158
1283000,5131.999999906292,-1677156.8900918663,331343.9271554946,-1345812.9629363716,300.8660570158906,1427.029397610669,0.9212475885025758,158
1284000,5135.999999906197,-1677663.5043321084,331489.76422004204,-1346173.7401120663,300.9984796106061,1427.029397610669,0.9212475885025758,158
1285000,5139.999999906103,-1677958.3642638717,331958.9881820932,-1345999.3760817784,301.4245431408227,1427.029397610669,0.9212475885025758,158
1286000,5143.999999906008,-1678226.2869546637,330832.8471871073,-1347393.4397675563,300.4019875028969,1427.029397610669,0.9212475885025758,158
1287000,5147.999999905914,-1674794.4809752312,332558.28910823236,-1342236.1918669988,301.9687188200373,1427.029397610669,0.9212475885025758,158
1288000,5151.999999905819,-1676389.7172678318,332306.70594154566,-1344083.011326286,301.7402769227543,1427.029397610669,0.9212475885025758,158
1289000,5155.9999999057245,-1677051.8630432766,330791.1633298784,-1346260.6997133982,300.36413783450746,1427.029397610669,0.9212475885025758,158
1290000,5159.99999990563,-1678401.0347932223,331190.3501267086,-1347210.6846665137,300.7266063988362,1427.029397610669,0.9212475885025758,158
1291000,5163.999999905535,-1679484.7268287502,331466.6811638499,-1348018.0456649004,300.9775197935362,1427.029397610669,0.9212475885025758,158
1292000,5167.999999905441,-1679256.9295995664,331295.830051417,-1347961.0995481494,300.82238400766033,1427.029397610669,0.9212475885025758,158
1293000,5171.999999905346,-1679973.4921168983,332578.67999453587,-1347394.8121223624,301.9872340999576,1427.029397610669,0.9212475885025758,158
1294000,5175.999999905252,-1677115.4438598119,330695.00884274935,-1346420.4350170626,300.27682788543046,1427.029397610669,0.9212475885025758,158
1295000,5179.999999905157,-1675705.274397131,332539.1849756802,-1343166.0894214509,301.9513719349351,1427.029397610669,0.9212475885025758,158
1296000,5183.999999905062,-1677475.007721303,330820.6163852903,-1346654.3913360126,300.3908817218179,1427.029397610669,0.9212475885025758,158
1297000,5187.999999904968,-1674834.7931573056,332581.65573322633,-1342253.1374240792,301.9899361225183,1427.029397610669,0.9212475885025758,158
1298000,5191.999999904873,-1675463.2516327128,330182.9174343034,-1345280.3341984095,299.8118399672467,1427.029397610669,0.9212475885025758,158
1299000,5195.999999904779,-1675097.8231235538,332889.6530300786,-1342208.1700934751,302.2696030325807,1427.029397610669,0.9212475885025758,158
1300000,5199.999999904684,-1675225.8081726413,331413.58692153596,-1343812.2212511054,300.92930929675003,1427.029397610669,0.9212475885025758,158
1301000,5203.9999999045895,-1676573.4918292537,330192.9174464764,-1346380.5743827773,299.82092015247434,1427.029397610669,0.9212475885025758,158
1302000,5207.999999904495,-1675973.7241459899,332988.51449544437,-1342985.2096505454,302.3593709650451,1427.029397610669,0.9212475885025758,158
1303000,5211.9999999044,-1676031.988504285,332684.4650838776,-1343347.5234204074,302.083288803584,1427.029397610669,0.9212475885025758,158
1304000,5215.999999904306,-1677065.7732317653,331019.17960560275,-1346046.5936261625,300.571180584322,1427.029397610669,0.9212475885025758,158
1305000,5219.999999904211,-1675109.4727961048,332296.0950089633,-1342813.3777871416,301.73064201115443,1427.029397610669,0.9212475885025758,158
1306000,5223.9999999041165,-1679016.2053142544,331195.1728102534,-1347821.032504001,300.7309854794936,1427.029397610669,0.9212475885025758,158
1307000,5227.999999904022,-1676212.4307898358,333129.4301680244,-1343083.0006218115,302.48732485013625,1427.029397610669,0.9212475885025758,158
1308000,5231.999999903927,-1677350.060936818,330486.9663407069,-1346863.094596111,300.08792167001087,1427.029397610669,0.9212475885025758,158
1309000,5235.999999903833,-1676301.9396630395,332274.57925506856,-1344027.3604079708,301.71110533186885,1427.029397610669,0.9212475885025758,158
1310000,5239.999999903738,-1677738.847010484,332510.93679427204,-1345227.9102162118,301.92572209420587,1427.029397610669,0.9212475885025758,158
1311000,5243.999999903644,-1678475.2201699018,330667.56703447056,-1347807.6531354312,300.25191024554766,1427.029397610669,0.9212475885025758,158
1312000,5247.999999903549,-1676454.822509978,331593.5097779492,-1344861.3127320288,301.09268238416655,1427.029397610669,0.9212475885025758,158
1313000,5251.999999903454,-1676318.7675781865,329270.8226202308,-1347047.9449579557,298.98364198972394,1427.029397610669,0.9212475885025758,158
1314000,5255.99999990336,-1676632.637550421,330398.6346843662,-1346234.002866055,300.00771498754324,1427.029397610669,0.9212475885025758,158
1315000,5259.999999903265,-1676419.9132601265,330523.88394101185,-1345896.0293191145,300.1214434940974,1427.029397610669,0.9212475885025758,158
1316000,5263.999999903171,-1677496.6507234294,331452.8992545702,-1346043.7514688591,300.96500557986485,1427.029397610669,0.9212475885025758,158
1317000,5267.999999903076,-1677141.9386579785,332934.59656934126,-1344207.3420886374,302.310412549032,1427.029397610669,0.9212475885025758,158
1318000,5271.9999999029815,-1675362.6150481645,333276.94024910976,-1342085.6747990549,302.62126657300786,1427.029397610669,0.9212475885025758,158
1319000,5275.999999902887,-1677994.6932998095,330292.5087451777,-1347702.1845546318,299.9113507863193,1427.029397610669,0.9212475885025758,158
1320000,5279.999999902792,-1675943.9828138594,332732.61822651204,-1343211.3645873473,302.1270126957999,1427.029397610669,0.9212475885025758,158
1321000,5283.999999902698,-1676066.9012294058,331539.75415993185,-1344527.147069474,301.0438713467222,1427.029397610669,0.9212475885025758,158
1322000,5287.999999902603,-1678126.070424201,331517.41558387736,-1346608.6548403236,301.0235875305842,1427.029397610669,0.9212475885025758,158
1323000,5291.9999999025085,-1676130.6369253509,331298.6546909828,-1344831.982234368,300.824948829584,1427.029397610669,0.9212475885025758,158
1324000,5295.999999902414,-1677636.1764049847,330725.01424463163,-1346911.162160353,300.3040733129565,1427.029397610669,0.9212475885025758,158
1325000,5299.999999902319,-1675767.3496711794,330741.55410342297,-1345025.7955677565,300.31909179282087,1427.029397610669,0.9212475885025758,158
1326000,5303.999999902225,-1676927.4164466336,332916.12794111704,-1344011.2885055165,302.2936427129284,1427.029397610669,0.9212475885025758,158
1327000,5307.99999990213,-1675770.2431775238,331518.552535865,-1344251.6906416588,301.02461990279176,1427.029397610669,0.9212475885025758,158
1328000,5311.999999902036,-1678345.0511352476,332309.78109320556,-1346035.270042042,301.74306921402274,1427.029397610669,0.9212475885025758,158
1329000,5315.999999901941,-1676087.1826814525,330270.198578428,-1345816.9841030245,299.8910927663249,1427.029397610669,0.9212475885025758,158
1330000,5319.999999901846,-1678836.608931208,330602.15877065086,-1348234.4501605572,300.1925184027557,1427.029397610669,0.9212475885025758,158
1331000,5323.999999901752,-1677773.70067011,332251.4210971027,-1345522.2795730075,301.6900773210803,1427.029397610669,0.9212475885025758,158
1332000,5327.999999901657,-1678394.4883482847,331436.3087722537,-1346958.179576031,300.9499411329579,1427.029397610669,0.9212475885025758,158
1333000,5331.999999901563,-1676267.4539626203,331626.8643373949,-1344640.5896252254,301.12296890509384,1427.029397610669,0.9212475885025758,158
1334000,5335.999999901468,-1676852.8616135642,331637.85329755855,-1345215.0083160056,301.1329470723218,1427.029397610669,0.9212475885025758,158
1335000,5339.9999999013735,-1675756.4029638562,331122.5209427428,-1344633.8820211133,300.6650163183854,1427.029397610669,0.9212475885025758,158
1336000,5343.999999901279,-1677292.6071679369,330263.6164436132,-1347028.9907243238,299.88511607326916,1427.029397610669,0.9212475885025758,158
1337000,5347.999999901184,-1678092.7899197359,330008.9096186353,-1348083.8803011007,299.65383783985175,1427.029397610669,0.9212475885025758,158
1338000,5351.99999990109,-1678827.8712275792,332003.21298753226,-1346824.6582400468,301.4647000344437,1427.029397610669,0.9212475885025758,158
1339000,5355.999999900995,-1676503.6701010633,331873.1725827543,-1344630.497518309,301.34662108193606,1427.029397610669,0.9212475885025758,158
1340000,5359.999999900901,-1676907.9882040694,331637.64429631596,-1345270.3439077535,301.1327572955533,1427.029397610669,0.9212475885025758,158
1341000,5363.999999900806,-1678256.7825076114,330679.5019968809,-1347577.2805107306,300.2627473992926,1427.029397610669,0.9212475885025758,158
1342000,5367.999999900711,-1677171.5080534108,331630.34598793945,-1345541.1620654713,301.12613030442964,1427.029397610669,0.9212475885025758,158
1343000,5371.999999900617,-1674874.6930512246,331117.0129354878,-1343757.6801157368,300.66001495186254,1427.029397610669,0.9212475885025758,158
1344000,5375.999999900522,-1674982.74573146,331844.25018231914,-1343138.4955491407,301.3203590385871,1427.029397610669,0.9212475885025758,158
1345000,5379.999999900428,-1676738.818396097,330619.33937306766,-1346119.4790230293,300.20811868899204,1427.029397610669,0.9212475885025758,158
1346000,5383.999999900333,-1674371.6624116413,332328.50910249236,-1342043.153309149,301.7600745726489,1427.029397610669,0.9212475885025758,158
1347000,5387.999999900238,-1677205.281083459,331643.26640393265,-1345562.0146795264,301.1378622671919,1427.029397610669,0.9212475885025758,158
1348000,5391.999999900144,-1678456.4752530735,331213.9381314843,-1347242.5371215893,300.7480247180149,1427.029397610669,0.9212475885025758,158
1349000,5395.999999900049,-1676004.2352157794,330752.1115119663,-1345252.1237038132,300.32867810366105,1427.029397610669,0.9212475885025758,158
1350000,5399.999999899955,-1676414.7128861751,330732.3159635354,-1345682.3969226398,300.31070340089826,1427.029397610669,0.9212475885025758,158
1351000,5403.99999989986,-1676201.945660876,331605.9294867307,-1344596.0161741455,301.1039596960595,1427.029397610669,0.9212475885025758,158
1352000,5407.9999998997655,-1677146.885385979,331405.1042940576,-1345741.7810919215,300.92160692325416,1427.029397610669,0.9212475885025758,158
1353000,5411.999999899671,-1677994.4689554274,332030.28719718044,-1345964.1817582469,301.4892838883673,1427.029397610669,0.9212475885025758,158
1354000,5415.999999899576,-1674693.6495475508,331286.44315207505,-1343407.2063954757,300.8138605395622,1427.029397610669,0.9212475885025758,158
1355000,5419.999999899482,-1675066.0046040472,332655.3531340498,-1342410.6514699974,302.0568546460851,1427.029397610669,0.9212475885025758,158
1356000,5423.999999899387,-1674448.186011266,331556.3864450145,-1342891.7995662515,301.05897375126887,1427.029397610669,0.9212475885025758,158
1357000,5427.999999899293,-1675959.5288116373,330835.71731504326,-1345123.811496594,300.4045936290529,1427.029397610669,0.9212475885025758,158
1358000,5431.999999899198,-1675545.0927644875,333321.9029790366,-1342223.189785451,302.66209351491653,1427.029397610669,0.9212475885025758,158
1359000,5435.999999899103,-1677068.9309174381,331293.85876945656,-1345775.0721479815,300.8205940493056,1427.029397610669,0.9212475885025758,158
1360000,5439.999999899009,-1676863.6877321042,330626.85501669603,-1346236.8327154082,300.2149430243098,1427.029397610669,0.9212475885025758,158
1361000,5443.999999898914,-1677540.9017433003,332611.8482036546,-1344929.0535396456,302.0173514115423,1427.029397610669,0.9212475885025758,158
1362000,5447.99999989882,-1675557.4208931103,330992.12538674724,-1344565.295506363,300.54661488238634,1427.029397610669,0.9212475885025758,158
1363000,5451.999999898725,-1676483.0510092508,332040.68548668677,-1344442.365522564,301.4987257163506,1427.029397610669,0.9212475885025758,158
1364000,5455.99999989863,-1676201.8418387808,331197.9460869163,-1345003.8957518644,300.7335036630069,1427.029397610669,0.9212475885025758,158
1365000,5459.999999898536,-1676167.119342247,331409.96289902093,-1344757.1564432262,300.9260186211853,1427.029397610669,0.9212475885025758,158
1366000,5463.999999898441,-1677592.1982780136,330848.39591029985,-1346743.8023677138,300.4161060143744,1427.029397610669,0.9212475885025758,158
1367000,5467.999999898347,-1676399.9747742023,332132.54745522514,-1344267.4273189772,301.5821379837825,1427.029397610669,0.9212475885025758,158
1368000,5471.999999898252,-1677015.4227062073,330013.37672159355,-1347002.0459846137,299.65789404714326,1427.029397610669,0.9212475885025758,158
1369000,5475.9999998981575,-1678192.0011957511,330692.65530863765,-1347499.3458871134,300.2746908354645,1427.029397610669,0.9212475885025758,158
1370000,5479.999999898063,-1679996.3359403573,331788.8634797557,-1348207.4724606015,301.2700669479657,1427.029397610669,0.9212475885025758,158
1371000,5483.999999897968,-1678471.6932473816,330402.5889205198,-1348069.104326862,300.01130550284336,1427.029397610669,0.9212475885025758,158
1372000,5487.999999897874,-1678495.2287368327,331049.16497927264,-1347446.0637575602,300.5984078258823,1427.029397610669,0.9212475885025758,158
1373000,5491.999999897779,-1678557.3534995317,332577.84618328436,-1345979.5073162473,301.98647698481847,1427.029397610669,0.9212475885025758,158
1374000,5495.999999897685,-1677060.063681461,330787.6546886983,-1346272.4089927627,300.36095192720444,1427.029397610669,0.9212475885025758,158
1375000,5499.99999989759,-1676676.7711576056,332581.2507428918,-1344095.5204147138,301.98956838424067,1427.029397610669,0.9212475885025758,158
1376000,5503.999999897495,-1674141.1442756224,332448.4426552506,-1341692.7016203718,301.86897632748725,1427.029397610669,0.9212475885025758,158
1377000,5507.999999897401,-1675663.0773614515,331440.0974498678,-1344222.9799115837,300.9533813182206,1427.029397610669,0.9212475885025758,158
1378000,5511.999999897306,-1675688.3328571636,332378.6234303565,-1343309.7094268072,301.8055792552122,1427.029397610669,0.9212475885025758,158
1379000,5515.999999897212,-1677908.3246438224,331324.5499135965,-1346583.774730226,300.8484621427454,1427.029397610669,0.9212475885025758,158
1380000,5519.999999897117,-1676818.536763532,330635.2342210999,-1346183.3025424322,300.2225514878526,1427.029397610669,0.9212475885025758,158
1381000,5523.9999998970225,-1675274.4033786096,331760.06268239213,-1343514.3406962175,301.24391532232374,1427.029397610669,0.9212475885025758,158
1382000,5527.999999896928,-1674522.8191588726,331851.9121121455,-1342670.9070467271,301.3273162043206,1427.029397610669,0.9212475885025758,158
1383000,5531.999999896833,-1675418.8048484977,331346.58325548645,-1344072.2215930112,300.86846880094566,1427.029397610669,0.9212475885025758,158
1384000,5535.999999896739,-1676338.0272341594,331047.8760283405,-1345290.1512058189,300.59723743598573,1427.029397610669,0.9212475885025758,158
1385000,5539.999999896644,-1675522.9547118992,331240.84105597495,-1344282.1136559243,300.77245304203217,1427.029397610669,0.9212475885025758,158
1386000,5543.9999998965495,-1678431.4896367937,331835.4924462245,-1346595.9971905693,301.312406861676,1427.029397610669,0.9212475885025758,158
1387000,5547.999999896455,-1678061.807869142,330640.4928652705,-1347421.3150038715,300.22732642835166,1427.029397610669,0.9212475885025758,158
1388000,5551.99999989636,-1678642.8306178357,332637.2836730569,-1346005.5469447789,302.04044726078007,1427.029397610669,0.9212475885025758,158
1389000,5555.999999896266,-1678604.3431662023,330390.39057770814,-1348213.9525884942,300.00022919510667,1427.029397610669,0.9212475885025758,158
1390000,5559.999999896171,-1677221.483132016,330892.9708978007,-1346328.5122342152,300.4565808794068,1427.029397610669,0.9212475885025758,158
1391000,5563.999999896077,-1677567.9021768626,330493.0608831139,-1347074.8412937487,300.0934556206676,1427.029397610669,0.9212475885025758,158
1392000,5567.999999895982,-1678038.6671857685,332967.89301061915,-1345070.7741751494,302.3406462976506,1427.029397610669,0.9212475885025758,158
1393000,5571.999999895887,-1677458.3176953532,330867.0155090501,-1346591.302186303,300.43301293434513,1427.029397610669,0.9212475885025758,158
1394000,5575.999999895793,-1676754.6522631478,330752.37319523614,-1346002.2790679117,300.32891571662793,1427.029397610669,0.9212475885025758,158
1395000,5579.999999895698,-1678979.7595161237,331541.7982802897,-1347437.961235834,301.0457274436104,1427.029397610669,0.9212475885025758,158
1396000,5583.999999895604,-1678022.912471339,331408.70245874237,-1346614.2100125968,300.92487411945865,1427.029397610669,0.9212475885025758,158
1397000,5587.999999895509,-1677979.370987242,330449.32493451866,-1347530.0460527234,300.05374261757544,1427.029397610669,0.9212475885025758,158
1398000,5591.9999998954145,-1677653.284095157,333385.4014265168,-1344267.88266864,302.71975121120806,1427.029397610669,0.9212475885025758,158
1399000,5595.99999989532,-1678613.0129105505,332011.60563567915,-1346601.4072748714,301.47232070513945,1427.029397610669,0.9212475885025758,158
1400000,5599.999999895225,-1675665.42119856,330351.3742261767,-1345314.0469723833,299.96480166835164,1427.029397610669,0.9212475885025758,158
1401000,5603.999999895131,-1675886.2088832296,332621.72220794426,-1343264.4866752853,302.0263171794171,1427.029397610669,0.9212475885025758,158
1402000,5607.999999895036,-1676692.6825142056,331493.23308822466,-1345199.449425981,301.0016294033347,1427.029397610669,0.9212475885025758,158
1403000,5611.9999998949415,-1677772.761099372,331126.61078186514,-1346646.1503175069,300.66872996354294,1427.029397610669,0.9212475885025758,158
1404000,5615.999999894847,-1676459.7225524765,332230.31543596036,-1344229.407116516,301.6709130131568,1427.029397610669,0.9212475885025758,158
1405000,5619.999999894752,-1674764.338989146,330966.3184513041,-1343798.020537842,300.52318173551356,1427.029397610669,0.9212475885025758,158
1406000,5623.999999894658,-1676530.5675093755,330291.8918075815,-1346238.675701794,299.9107905962365,1427.029397610669,0.9212475885025758,158
1407000,5627.999999894563,-1674280.9839215688,330467.42754847463,-1343813.5563730942,300.07018010634846,1427.029397610669,0.9212475885025758,158
1408000,5631.999999894469,-1673329.1635625716,330594.50537714467,-1342734.658185427,300.18556898814967,1427.029397610669,0.9212475885025758,158
1409000,5635.999999894374,-1676036.5540923104,331671.7616397239,-1344364.7924525863,301.16373643760403,1427.029397610669,0.9212475885025758,158
1410000,5639.999999894279,-1678907.202938674,331170.7331694261,-1347736.4697692478,300.70879385994675,1427.029397610669,0.9212475885025758,158
1411000,5643.999999894185,-1674424.915247878,331406.55692286155,-1343018.3583250165,300.92292593550917,1427.029397610669,0.9212475885025758,158
1412000,5647.99999989409,-1677552.313949801,331530.95725899155,-1346021.3566908096,301.035883607449,1427.029397610669,0.9212475885025758,158
1413000,5651.999999893996,-1676978.7713190522,331660.7798080468,-1345317.9915110054,301.153764743166,1427.029397610669,0.9212475885025758,158
1414000,5655.999999893901,-1677312.945614392,331748.17682600796,-1345564.768788384,301.2331227577059,1427.029397610669,0.9212475885025758,158
1415000,5659.9999998938065,-1676840.7421106827,332039.909114431,-1344800.8329962515,301.4980207568199,1427.029397610669,0.9212475885025758,158
1416000,5663.999999893712,-1675665.3504435793,331558.05977014895,-1344107.2906734303,301.06049315963594,1427.029397610669,0.9212475885025758,158
1417000,5667.999999893617,-1675783.2348361667,332077.61336188484,-1343705.621474282,301.53225687021893,1427.029397610669,0.9212475885025758,158
1418000,5671.999999893523,-1676431.0485599134,332562.2792940859,-1343868.7692658275,301.97234197829107,1427.029397610669,0.9212475885025758,158
1419000,5675.999999893428,-1675303.4828874785,333568.9816259937,-1341734.5012614848,302.8864452298278,1427.029397610669,0.9212475885025758,158
1420000,5679.999999893334,-1677686.1109675989,331255.09132340224,-1346431.0196441966,300.7853925330591,1427.029397610669,0.9212475885025758,158
1421000,5683.999999893239,-1680149.9457569662,330220.72053192026,-1349929.225225046,299.8461658383156,1427.029397610669,0.9212475885025758,158
1422000,5687.999999893144,-1677695.074863527,330687.44247429643,-1347007.6323892307,300.2699574910886,1427.029397610669,0.9212475885025758,158
1423000,5691.99999989305,-1678207.21396623,332868.1814774378,-1345339.0324887922,302.25010648880357,1427.029397610669,0.9212475885025758,158
1424000,5695.999999892955,-1675999.4561690427,330215.68382006354,-1345783.7723489793,299.84159241622314,1427.029397610669,0.9212475885025758,158
1425000,5699.999999892861,-1677933.1462488882,331311.5709473518,-1346621.5753015364,300.83667701533506,1427.029397610669,0.9212475885025758,158
1426000,5703.999999892766,-1674594.8242143076,331744.15329867456,-1342850.670915633,301.2294693248077,1427.029397610669,0.9212475885025758,158
1427000,5707.999999892671,-1677466.0438997801,331193.47227236314,-1346272.571627417,300.72944136147026,1427.029397610669,0.9212475885025758,158
1428000,5711.999999892577,-1676378.6440419499,330927.52809369017,-1345451.1159482598,300.4879594151719,1427.029397610669,0.9212475885025758,158
1429000,5715.999999892482,-1676193.6084961183,333624.4431126295,-1342569.1653834889,302.9368052256896,1427.029397610669,0.9212475885025758,158
1430000,5719.999999892388,-1677315.216936024,330750.10029793717,-1346565.1166380867,300.32685188629245,1427.029397610669,0.9212475885025758,158
1431000,5723.999999892293,-1678303.554433262,330917.1310024323,-1347386.4234308298,300.47851867521916,1427.029397610669,0.9212475885025758,158
1432000,5727.9999998921985,-1677722.5115366802,330958.29549607076,-1346764.2160406094,300.5158967524224,1427.029397610669,0.9212475885025758,158
1433000,5731.999999892104,-1677289.7962167934,330856.43462564185,-1346433.3615911514,300.4234053079187,1427.029397610669,0.9212475885025758,158
1434000,5735.999999892009,-1676320.80319871,330647.8442490939,-1345672.9589496162,300.2340016129055,1427.029397610669,0.9212475885025758,158
1435000,5739.999999891915,-1678359.353082426,331253.21997600107,-1347106.133106425,300.7836933170248,1427.029397610669,0.9212475885025758,158
1436000,5743.99999989182,-1677129.6011930332,331187.5662315248,-1345942.0349615084,300.724078573521,1427.029397610669,0.9212475885025758,158
1437000,5747.999999891726,-1675437.7629899792,333191.69623362564,-1342246.0667563537,302.54386352221684,1427.029397610669,0.9212475885025758,158
1438000,5751.999999891631,-1678700.9236340579,331687.1927260483,-1347013.7309080097,301.1777481327564,1427.029397610669,0.9212475885025758,158
1439000,5755.999999891536,-1678938.7830257174,330031.62202429166,-1348907.1610014257,299.67446109977936,1427.029397610669,0.9212475885025758,158
1440000,5759.999999891442,-1677176.562833717,329548.2503100531,-1347628.312523664,299.2355511641592,1427.029397610669,0.9212475885025758,158
1441000,5763.999999891347,-1677450.6072637215,330480.9114950312,-1346969.6957686902,300.08242376467746,1427.029397610669,0.9212475885025758,158
1442000,5767.999999891253,-1677219.9983456377,331702.0817257585,-1345517.9166198792,301.19126760382136,1427.029397610669,0.9212475885025758,158
1443000,5771.999999891158,-1674496.5139168762,330640.02824357676,-1343856.4856732995,300.22690454376124,1427.029397610669,0.9212475885025758,158
1444000,5775.999999891063,-1676222.7801691182,331890.02162850334,-1344332.758540615,301.3619203089432,1427.029397610669,0.9212475885025758,158
1445000,5779.999999890969,-1677283.4182367194,333678.97402202565,-1343604.4442146937,302.9863202412094,1427.029397610669,0.9212475885025758,158
1446000,5783.999999890874,-1677585.7635476124,330940.8841324316,-1346644.8794151808,300.5000869309769,1427.029397610669,0.9212475885025758,158
1447000,5787.99999989078,-1676419.6909531076,331484.87479715806,-1344934.8161559496,300.9940399294663,1427.029397610669,0.9212475885025758,158
1448000,5791.999999890685,-1677010.1629456636,332734.412313495,-1344275.7506321685,302.1286417580289,1427.029397610669,0.9212475885025758,158
1449000,5795.9999998905905,-1674102.1734531093,331145.6369420483,-1342956.536511061,300.68600604837604,1427.029397610669,0.9212475885025758,158
1450000,5799.999999890496,-1674628.6741205398,332524.7317109287,-1342103.942409611,301.93824811880205,1427.029397610669,0.9212475885025758,158
1451000,5803.999999890401,-1675670.7563060224,331766.9791587444,-1343903.777147278,301.25019560331884,1427.029397610669,0.9212475885025758,158
1452000,5807.999999890307,-1677089.819857385,331270.6581535578,-1345819.1617038273,300.7995274859745,1427.029397610669,0.9212475885025758,158
1453000,5811.999999890212,-1673607.4981935062,332399.21015236917,-1341208.288041137,301.8242723573674,1427.029397610669,0.9212475885025758,158
1454000,5815.999999890118,-1676394.3268215936,334787.0132515385,-1341607.3135700552,303.9924391607996,1427.029397610669,0.9212475885025758,158
1455000,5819.999999890023,-1675751.9488955326,330761.3636892589,-1344990.5852062737,300.33707924179186,1427.029397610669,0.9212475885025758,158
1456000,5823.999999889928,-1677710.6524958517,330724.4800591931,-1346986.1724366588,300.3035882632742,1427.029397610669,0.9212475885025758,158
1457000,5827.999999889834,-1678291.4530509617,332339.75974137906,-1345951.6933095828,301.77029034871515,1427.029397610669,0.9212475885025758,158
1458000,5831.999999889739,-1675434.5684599392,331209.6759173454,-1344224.8925425939,300.74415455333997,1427.029397610669,0.9212475885025758,158
1459000,5835.999999889645,-1675755.6731125768,332310.3796911766,-1343445.2934214002,301.74361275140643,1427.029397610669,0.9212475885025758,158
1460000,5839.99999988955,-1676636.3715186324,331833.4678278387,-1344802.9036907938,301.31056847291796,1427.029397610669,0.9212475885025758,158
1461000,5843.9999998894555,-1677270.7317572143,330639.99796776864,-1346630.7337894456,300.2268770528001,1427.029397610669,0.9212475885025758,158
1462000,5847.999999889361,-1678864.8998828903,330607.5725919067,-1348257.3272909836,300.19743424675084,1427.029397610669,0.9212475885025758,158
1463000,5851.999999889266,-1675361.68864589,331747.5685517555,-1343614.1200941345,301.2325704340901,1427.029397610669,0.9212475885025758,158
1464000,5855.999999889172,-1677522.293809114,330186.4697472751,-1347335.824061839,299.81506552929727,1427.029397610669,0.9212475885025758,158
1465000,5859.999999889077,-1677844.1678040233,331631.74644163135,-1346212.421362392,301.1274019407742,1427.029397610669,0.9212475885025758,158
1466000,5863.9999998889825,-1675564.3528095745,331777.21429264545,-1343787.138516929,301.2594892831707,1427.029397610669,0.9212475885025758,158
1467000,5867.999999888888,-1679117.8255307153,332683.87145957025,-1346433.954071145,302.0827497823735,1427.029397610669,0.9212475885025758,158
1468000,5871.999999888793,-1678348.3005031403,331585.1654315239,-1346763.1350716164,301.0851055722753,1427.029397610669,0.9212475885025758,158
1469000,5875.999999888699,-1677419.3368140943,331368.6301680126,-1346050.7066460818,300.8884877815198,1427.029397610669,0.9212475885025758,158
1470000,5879.999999888604,-1677635.5714709703,330321.1192487677,-1347314.4522222027,299.9373296219004,1427.029397610669,0.9212475885025758,158
1471000,5883.99999988851,-1679568.989257099,332452.86160331575,-1347116.1276537834,301.8729888092971,1427.029397610669,0.9212475885025758,158
1472000,5887.999999888415,-1678277.325193759,332472.9499784715,-1345804.3752152876,301.89122940382634,1427.029397610669,0.9212475885025758,158
1473000,5891.99999988832,-1678498.419910211,331424.4911706324,-1347073.9287395787,300.9392105448536,1427.029397610669,0.9212475885025758,158
1474000,5895.999999888226,-1677349.6700944137,329824.8123192532,-1347524.8577751606,299.4866742855115,1427.029397610669,0.9212475885025758,158
1475000,5899.999999888131,-1675667.2532623615,329784.5939543322,-1345882.6593080293,299.45015530966276,1427.029397610669,0.9212475885025758,158
1476000,5903.999999888037,-1675073.8460498564,332240.02647162613,-1342833.8195782304,301.67973080268257,1427.029397610669,0.9212475885025758,158
1477000,5907.999999887942,-1675769.3050662316,331076.0524437864,-1344693.252622445,300.6228221119713,1427.029397610669,0.9212475885025758,158
1478000,5911.9999998878475,-1676691.5376828425,331931.07631024375,-1344760.4613725988,301.39919867503045,1427.029397610669,0.9212475885025758,158
1479000,5915.999999887753,-1678490.1429854836,331357.46338840196,-1347132.6795970816,300.87834815113683,1427.029397610669,0.9212475885025758,158
1480000,5919.999999887658,-1677932.3632739503,331200.068851756,-1346732.2944221944,300.73543117045443,1427.029397610669,0.9212475885025758,158
1481000,5923.999999887564,-1677152.2142211236,330979.2178268567,-1346172.9963942668,300.5348945931893,1427.029397610669,0.9212475885025758,158
1482000,5927.999999887469,-1676547.4414805956,330695.0385041777,-1345852.402976418,300.27685481852404,1427.029397610669,0.9212475885025758,158
1483000,5931.9999998873745,-1675608.3198660538,331199.8262857149,-1344408.4935803388,300.73521091626424,1427.029397610669,0.9212475885025758,158
1484000,5935.99999988728,-1678317.928164158,331430.2800444554,-1346887.6481197027,300.9444669431121,1427.029397610669,0.9212475885025758,158
1485000,5939.999999887185,-1677481.7078978065,330595.07545399957,-1346886.632443807,300.1860866278632,1427.029397610669,0.9212475885025758,158
1486000,5943.999999887091,-1676112.2179985922,331953.6705597986,-1344158.5474387936,301.41971464715994,1427.029397610669,0.9212475885025758,158
1487000,5947.999999886996,-1676349.620745208,330111.9930294721,-1346237.627715736,299.74743937233933,1427.029397610669,0.9212475885025758,158
1488000,5951.999999886902,-1677188.3042688612,333185.7170172017,-1344002.5872516595,302.53843428956134,1427.029397610669,0.9212475885025758,158
1489000,5955.999999886807,-1675315.071563974,330416.60793725454,-1344898.4636267195,300.0240350142137,1427.029397610669,0.9212475885025758,158
1490000,5959.999999886712,-1678548.941519238,332004.23177677015,-1346544.7097424679,301.46562511281644,1427.029397610669,0.9212475885025758,158
1491000,5963.999999886618,-1674052.155141998,331744.73701550334,-1342307.4181264946,301.22999934985506,1427.029397610669,0.9212475885025758,158
1492000,5967.999999886523,-1676353.1450139415,331018.0826555966,-1345335.062358345,300.57018453461035,1427.029397610669,0.9212475885025758,158
1493000,5971.999999886429,-1676606.802181188,331840.36156752246,-1344766.4406136656,301.3168281086221,1427.029397610669,0.9212475885025758,158
1494000,5975.999999886334,-1676124.4413853865,331637.1481186324,-1344487.2932667541,301.13230675757444,1427.029397610669,0.9212475885025758,158
1495000,5979.9999998862395,-1677341.6166086905,333782.4548785136,-1343559.1617301768,303.08028266127076,1427.029397610669,0.9212475885025758,158
1496000,5983.999999886145,-1675418.2762081642,332429.6175154729,-1342988.6586926912,301.85188277268367,1427.029397610669,0.9212475885025758,158
1497000,5987.99999988605,-1677160.5944273975,331811.36298498535,-1345349.2314424121,301.2904968905977,1427.029397610669,0.9212475885025758,158
1498000,5991.999999885956,-1678145.3146756887,332064.55471746717,-1346080.7599582216,301.5203993936397,1427.029397610669,0.9212475885025758,158
1499000,5995.999999885861,-1675959.6422379706,330863.6131538222,-1345096.0290841484,300.42992353653796,1427.029397610669,0.9212475885025758,158
1500000,5999.999999885767,-1677930.6261625215,333961.91675277665,-1343968.709409745,303.2432371688657,1427.029397610669,0.9212475885025758,158
1501000,6003.999999885672,-1678744.7556347977,332840.96633466595,-1345903.7893001318,302.225394665149,1427.029397610669,0.9212475885025758,158
1502000,6007.999999885577,-1676006.4944115728,330489.1519716463,-1345517.3424399265,300.0899062609719,1427.029397610669,0.9212475885025758,158
1503000,6011.999999885483,-1678568.4209685642,332266.0517294073,-1346302.369239157,301.7033621900408,1427.029397610669,0.9212475885025758,158
1504000,6015.999999885388,-1675432.7234511878,330605.6435543461,-1344827.0798968417,300.1956826470469,1427.029397610669,0.9212475885025758,158
1505000,6019.999999885294,-1675267.8377098273,331702.098897608,-1343565.7388122194,301.19128319615976,1427.029397610669,0.9212475885025758,158
1506000,6023.999999885199,-1675610.8308170624,333471.75863438635,-1342139.072182676,302.798165060074,1427.029397610669,0.9212475885025758,158
1507000,6027.999999885104,-1675422.573708944,331216.84022039647,-1344205.7334885476,300.7506598652941,1427.029397610669,0.9212475885025758,158
1508000,6031.99999988501,-1676752.3031782825,330889.3125255169,-1345862.9906527656,300.4532590136537,1427.029397610669,0.9212475885025758,158
1509000,6035.999999884915,-1675687.6043327115,330841.30615760264,-1344846.2981751089,300.40966839544006,1427.029397610669,0.9212475885025758,158
1510000,6039.999999884821,-1676120.7615387738,331941.1065537409,-1344179.654985033,301.4083063108269,1427.029397610669,0.9212475885025758,158
1511000,6043.999999884726,-1673803.4989069402,331241.1538162558,-1342562.3450906845,300.7727370338146,1427.029397610669,0.9212475885025758,158
1512000,6047.9999998846315,-1673812.48444248,331566.08309959306,-1342246.401342887,301.067778482517,1427.029397610669,0.9212475885025758,158
1513000,6051.999999884537,-1676025.7420100793,331797.9534885978,-1344227.7885214814,301.2783208343189,1427.029397610669,0.9212475885025758,158
1514000,6055.999999884442,-1676785.3621846568,331212.5401028236,-1345572.8220818331,300.74675528364094,1427.029397610669,0.9212475885025758,158
1515000,6059.999999884348,-1677871.4860247578,332845.07835023146,-1345026.4076745263,302.2291284469032,1427.029397610669,0.9212475885025758,158
1516000,6063.999999884253,-1676369.5886248033,331245.63239712414,-1345123.9562276793,300.7768036632484,1427.029397610669,0.9212475885025758,158
1517000,6067.999999884159,-1676917.424130788,329782.66100869013,-1347134.763122098,299.4484001613528,1427.029397610669,0.9212475885025758,158
1518000,6071.999999884064,-1678733.6570470594,331703.83679129544,-1347029.8202557638,301.1928612338976,1427.029397610669,0.9212475885025758,158
1519000,6075.999999883969,-1676117.5187340286,332256.1293472344,-1343861.389386794,301.69435249420553,1427.029397610669,0.9212475885025758,158
1520000,6079.999999883875,-1677679.909121083,332654.39054476283,-1345025.5185763203,302.0559805982467,1427.029397610669,0.9212475885025758,158
1521000,6083.99999988378,-1676008.443890201,331570.8171495047,-1344437.6267406961,301.07207708229174,1427.029397610669,0.9212475885025758,158
1522000,6087.999999883686,-1676438.4041525424,330640.02873733407,-1345798.3754152083,300.2269049921014,1427.029397610669,0.9212475885025758,158
1523000,6091.999999883591,-1678217.4771030918,331428.79495109245,-1346788.6821519993,300.94311845247205,1427.029397610669,0.9212475885025758,158
1524000,6095.9999998834965,-1675002.923934888,331033.3886115349,-1343969.5353233533,300.5840826091927,1427.029397610669,0.9212475885025758,158
1525000,6099.999999883402,-1675525.1901585758,330792.19787852,-1344732.9922800558,300.3650772226932,1427.029397610669,0.9212475885025758,158
1526000,6103.999999883307,-1676614.923839409,330645.6200420648,-1345969.3037973442,300.2319819941831,1427.029397610669,0.9212475885025758,158
1527000,6107.999999883213,-1678188.3266073484,330736.26409870124,-1347452.062508647,300.3142883763952,1427.029397610669,0.9212475885025758,158
1528000,6111.999999883118,-1674404.5604416858,331413.23642726365,-1342991.3240144223,300.9289910418461,1427.029397610669,0.9212475885025758,158
1529000,6115.9999998830235,-1678894.1162035186,331929.7575724734,-1346964.358631045,301.3980012381659,1427.029397610669,0.9212475885025758,158
1530000,6119.999999882929,-1678571.816007506,330997.1899791659,-1347574.6260283403,300.55121362051466,1427.029397610669,0.9212475885025758,158
1531000,6123.999999882834,-1676453.1060457472,330553.8858467746,-1345899.2201989726,300.1486857470859,1427.029397610669,0.9212475885025758,158
1532000,6127.99999988274,-1678467.7005211767,332169.72791420366,-1346297.972606973,301.615898488123,1427.029397610669,0.9212475885025758,158
1533000,6131.999999882645,-1679560.9732848853,332997.7922144576,-1346563.1810704276,302.36779529550313,1427.029397610669,0.9212475885025758,158
1534000,6135.999999882551,-1677280.887920756,329910.81452021736,-1347370.0734005384,299.564765781924,1427.029397610669,0.9212475885025758,158
1535000,6139.999999882456,-1675514.0889625233,331252.88905818574,-1344261.1999043375,300.7833928378847,1427.029397610669,0.9212475885025758,158
1536000,6143.999999882361,-1678525.7256995812,331556.75387854374,-1346968.9718210376,301.0593073873132,1427.029397610669,0.9212475885025758,158
1537000,6147.999999882267,-1676516.0734040998,333289.3682469799,-1343226.7051571198,302.6325514115377,1427.029397610669,0.9212475885025758,158
1538000,6151.999999882172,-1675141.4849486314,331228.50288176147,-1343912.98206687,300.7612497649471,1427.029397610669,0.9212475885025758,158
1539000,6155.999999882078,-1676646.7489346974,333373.8751484684,-1343272.873786229,302.709285149982,1427.029397610669,0.9212475885025758,158
1540000,6159.999999881983,-1676951.4315519594,331468.67140797974,-1345482.7601439797,300.979326969871,1427.029397610669,0.9212475885025758,158
1541000,6163.9999998818885,-1677559.0682628322,331582.05490258086,-1345977.0133602514,301.0822811578176,1427.029397610669,0.9212475885025758,158
1542000,6167.999999881794,-1676539.2610953078,331446.5497360693,-1345092.7113592385,300.9592401064737,1427.029397610669,0.9212475885025758,158
1543000,6171.999999881699,-1677913.022235753,330820.23402150563,-1347092.7882142474,300.3905345288416,1427.029397610669,0.9212475885025758,158
1544000,6175.999999881605,-1675377.8516985849,332016.95092250954,-1343360.9007760752,301.4771743186826,1427.029397610669,0.9212475885025758,158
1545000,6179.99999988151,-1677006.6670511495,332972.87799977884,-1344033.7890513707,302.34517275463327,1427.029397610669,0.9212475885025758,158
1546000,6183.9999998814155,-1676089.7103193197,331674.1931630246,-1344415.517156295,301.1659443031119,1427.029397610669,0.9212475885025758,158
1547000,6187.999999881321,-1677414.3117550071,331293.0937642544,-1346121.2179907528,300.81989941125767,1427.029397610669,0.9212475885025758,158
1548000,6191.999999881226,-1674959.7069947086,330747.46089738986,-1344212.2460973188,300.3244552646239,1427.029397610669,0.9212475885025758,158
1549000,6195.999999881132,-1678084.382417092,331808.87254986214,-1346275.50986723,301.28823553212885,1427.029397610669,0.9212475885025758,158
1550000,6199.999999881037,-1677302.058290694,332066.4884019461,-1345235.5698887478,301.52215521282636,1427.029397610669,0.9212475885025758,158
1551000,6203.999999880943,-1676780.213426819,331483.3446687438,-1345296.8687580754,300.9926505462152,1427.029397610669,0.9212475885025758,158
